time	time	departures_all	arrivals_all	stuck_all	en-route_all	departures_pt	arrivals_pt	stuck_pt	en-route_pt	departures_transit_walk	arrivals_transit_walk	stuck_transit_walk	en-route_transit_walk
00:00:00	0	527	16	0	511	0	0	0	0	527	16	0	511
00:05:00	300	79	15	0	575	0	0	0	0	79	15	0	575
00:10:00	600	77	25	0	627	2	0	0	2	75	25	0	625
00:15:00	900	46	21	0	652	2	0	0	4	44	21	0	648
00:20:00	1200	42	24	0	670	2	0	0	6	40	24	0	664
00:25:00	1500	33	27	0	676	5	0	0	11	28	27	0	665
00:30:00	1800	23	32	0	667	2	0	0	13	21	32	0	654
00:35:00	2100	8	22	0	653	0	0	0	13	8	22	0	640
00:40:00	2400	10	33	0	630	1	0	0	14	9	33	0	616
00:45:00	2700	11	19	0	622	0	0	0	14	11	19	0	608
00:50:00	3000	12	19	0	615	0	0	0	14	12	19	0	601
00:55:00	3300	6	23	0	598	0	0	0	14	6	23	0	584
01:00:00	3600	6	24	0	580	0	0	0	14	6	24	0	566
01:05:00	3900	3	19	0	564	1	0	0	15	2	19	0	549
01:10:00	4200	3	23	0	544	0	0	0	15	3	23	0	529
01:15:00	4500	5	22	0	527	0	0	0	15	5	22	0	512
01:20:00	4800	6	19	0	514	0	0	0	15	6	19	0	499
01:25:00	5100	3	24	0	493	0	0	0	15	3	24	0	478
01:30:00	5400	8	17	0	484	0	0	0	15	8	17	0	469
01:35:00	5700	5	22	0	467	0	0	0	15	5	22	0	452
01:40:00	6000	1	18	0	450	0	0	0	15	1	18	0	435
01:45:00	6300	1	14	0	437	0	0	0	15	1	14	0	422
01:50:00	6600	4	12	0	429	0	0	0	15	4	12	0	414
01:55:00	6900	0	12	0	417	0	0	0	15	0	12	0	402
02:00:00	7200	0	11	0	406	0	0	0	15	0	11	0	391
02:05:00	7500	3	16	0	393	1	0	0	16	2	16	0	377
02:10:00	7800	1	14	0	380	1	0	0	17	0	14	0	363
02:15:00	8100	1	16	0	365	0	0	0	17	1	16	0	348
02:20:00	8400	0	11	0	354	0	0	0	17	0	11	0	337
02:25:00	8700	0	8	0	346	0	0	0	17	0	8	0	329
02:30:00	9000	1	8	0	339	1	0	0	18	0	8	0	321
02:35:00	9300	2	8	0	333	0	0	0	18	2	8	0	315
02:40:00	9600	1	16	0	318	0	0	0	18	1	16	0	300
02:45:00	9900	0	6	0	312	0	0	0	18	0	6	0	294
02:50:00	10200	2	14	0	300	0	0	0	18	2	14	0	282
02:55:00	10500	1	10	0	291	0	0	0	18	1	10	0	273
03:00:00	10800	0	6	0	285	0	0	0	18	0	6	0	267
03:05:00	11100	0	8	0	277	0	0	0	18	0	8	0	259
03:10:00	11400	0	5	0	272	0	0	0	18	0	5	0	254
03:15:00	11700	3	19	0	256	0	0	0	18	3	19	0	238
03:20:00	12000	1	12	0	245	0	0	0	18	1	12	0	227
03:25:00	12300	2	11	0	236	0	0	0	18	2	11	0	218
03:30:00	12600	1	11	0	226	0	0	0	18	1	11	0	208
03:35:00	12900	2	8	0	220	0	0	0	18	2	8	0	202
03:40:00	13200	1	8	0	213	0	0	0	18	1	8	0	195
03:45:00	13500	0	10	0	203	0	0	0	18	0	10	0	185
03:50:00	13800	0	9	0	194	0	0	0	18	0	9	0	176
03:55:00	14100	1	4	0	191	0	0	0	18	1	4	0	173
04:00:00	14400	1	7	0	185	0	0	0	18	1	7	0	167
04:05:00	14700	1	7	0	179	0	0	0	18	1	7	0	161
04:10:00	15000	0	6	0	173	0	0	0	18	0	6	0	155
04:15:00	15300	1	7	0	167	0	0	0	18	1	7	0	149
04:20:00	15600	2	9	0	160	1	0	0	19	1	9	0	141
04:25:00	15900	1	6	0	155	0	0	0	19	1	6	0	136
04:30:00	16200	1	13	0	143	0	0	0	19	1	13	0	124
04:35:00	16500	0	5	0	138	0	0	0	19	0	5	0	119
04:40:00	16800	1	3	0	136	0	0	0	19	1	3	0	117
04:45:00	17100	3	4	0	135	0	0	0	19	3	4	0	116
04:50:00	17400	9	13	0	131	0	0	0	19	9	13	0	112
04:55:00	17700	11	4	0	138	0	0	0	19	11	4	0	119
05:00:00	18000	29	5	0	162	2	0	0	21	27	5	0	141
05:05:00	18300	74	5	0	231	0	0	0	21	74	5	0	210
05:10:00	18600	140	5	0	366	0	0	0	21	140	5	0	345
05:15:00	18900	367	14	1	718	7	0	1	27	360	14	0	691
05:20:00	19200	651	121	2	1246	116	0	2	141	535	121	0	1105
05:25:00	19500	1150	278	0	2118	268	0	0	409	882	278	0	1709
05:30:00	19800	1299	464	0	2953	432	0	0	841	867	464	0	2112
05:35:00	20100	1305	449	0	3809	409	0	0	1250	896	449	0	2559
05:40:00	20400	1437	499	0	4747	439	12	0	1677	998	487	0	3070
05:45:00	20700	1664	633	0	5778	453	82	0	2048	1211	551	0	3730
05:50:00	21000	2368	1229	2	6915	679	390	2	2335	1689	839	0	4580
05:55:00	21300	2618	1534	1	7998	806	471	1	2669	1812	1063	0	5329
06:00:00	21600	3485	2330	0	9153	1176	837	0	3008	2309	1493	0	6145
06:05:00	21900	3786	2461	2	10476	1096	861	2	3241	2690	1600	0	7235
06:10:00	22200	3935	2894	0	11517	1263	975	0	3529	2672	1919	0	7988
06:15:00	22500	4524	3267	0	12774	1328	1155	0	3702	3196	2112	0	9072
06:20:00	22800	6009	4695	0	14088	2098	1687	0	4113	3911	3008	0	9975
06:25:00	23100	5714	4420	4	15378	1729	1577	4	4261	3985	2843	0	11117
06:30:00	23400	6479	5146	2	16709	1948	1911	2	4296	4531	3235	0	12413
06:35:00	23700	7018	5710	0	18017	2203	1992	0	4507	4815	3718	0	13510
06:40:00	24000	7167	5657	1	19526	2098	1942	1	4662	5069	3715	0	14864
06:45:00	24300	7932	6145	0	21313	2591	1889	0	5364	5341	4256	0	15949
06:50:00	24600	8512	6608	0	23217	2787	2144	0	6007	5725	4464	0	17210
06:55:00	24900	9212	7151	1	25277	3080	2274	1	6812	6132	4877	0	18465
07:00:00	25200	10195	8327	1	27144	3350	2773	1	7388	6845	5554	0	19756
07:05:00	25500	10499	8437	1	29205	3424	2825	1	7986	7075	5612	0	21219
07:10:00	25800	11186	9006	0	31385	3751	2911	0	8826	7435	6095	0	22559
07:15:00	26100	11848	9886	1	33346	4055	3295	1	9585	7793	6591	0	23761
07:20:00	26400	12363	10469	1	35239	3938	3530	1	9992	8425	6939	0	25247
07:25:00	26700	13299	11180	2	37356	4331	3687	2	10634	8968	7493	0	26722
07:30:00	27000	13986	11868	2	39472	4700	3920	2	11412	9286	7948	0	28060
07:35:00	27300	14061	12146	2	41385	4583	3878	2	12115	9478	8268	0	29270
07:40:00	27600	15034	12615	1	43803	4938	4248	1	12804	10096	8367	0	30999
07:45:00	27900	15973	13601	0	46175	5580	4371	0	14013	10393	9230	0	32162
07:50:00	28200	16077	13967	2	48283	5440	4303	2	15148	10637	9664	0	33135
07:55:00	28500	17489	14859	4	50909	5766	4974	4	15936	11723	9885	0	34973
08:00:00	28800	18479	16305	2	53081	6391	5448	2	16877	12088	10857	0	36204
08:05:00	29100	18393	16319	0	55155	6649	4889	0	18637	11744	11430	0	36518
08:10:00	29400	18271	16053	1	57372	6098	5226	1	19508	12173	10827	0	37864
08:15:00	29700	18885	17154	0	59103	6754	5481	0	20781	12131	11673	0	38322
08:20:00	30000	19794	18697	1	60199	6863	6259	1	21384	12931	12438	0	38815
08:25:00	30300	19886	18963	2	61120	6725	6897	2	21210	13161	12066	0	39910
08:30:00	30600	19728	20034	3	60811	6562	7223	3	20546	13166	12811	0	40265
08:35:00	30900	18950	19308	1	60452	6506	6580	1	20471	12444	12728	0	39981
08:40:00	31200	18398	19323	1	59526	6096	6621	1	19945	12302	12702	0	39581
08:45:00	31500	17619	18445	2	58698	5528	6624	2	18847	12091	11821	0	39851
08:50:00	31800	18846	19611	1	57932	6262	7206	1	17902	12584	12405	0	40030
08:55:00	32100	17789	19330	3	56388	5762	6525	3	17136	12027	12805	0	39252
09:00:00	32400	17055	17878	2	55563	5697	5917	2	16914	11358	11961	0	38649
09:05:00	32700	17066	17367	1	55261	5428	6223	1	16118	11638	11144	0	39143
09:10:00	33000	16415	17792	3	53881	5261	5953	3	15423	11154	11839	0	38458
09:15:00	33300	16107	16493	2	53493	5744	5289	2	15876	10363	11204	0	37617
09:20:00	33600	15626	16143	6	52970	4957	5734	6	15093	10669	10409	0	37877
09:25:00	33900	15795	16875	1	51889	5388	5604	1	14876	10407	11271	0	37013
09:30:00	34200	14771	16001	1	50658	4690	5493	1	14072	10081	10508	0	36586
09:35:00	34500	14671	15613	2	49714	4682	5448	2	13304	9989	10165	0	36410
09:40:00	34800	14294	15717	2	48289	4445	5386	2	12361	9849	10331	0	35928
09:45:00	35100	13865	15086	4	47064	4414	5047	4	11724	9451	10039	0	35340
09:50:00	35400	13855	14748	1	46170	4431	5141	1	11013	9424	9607	0	35157
09:55:00	35700	12655	13583	1	45241	4068	4374	1	10706	8587	9209	0	34535
10:00:00	36000	13026	13557	2	44708	4053	4619	2	10138	8973	8938	0	34570
10:05:00	36300	12955	13604	2	44057	4154	4444	2	9846	8801	9160	0	34211
10:10:00	36600	12378	12651	5	43779	4043	3914	5	9970	8335	8737	0	33809
10:15:00	36900	12654	12832	0	43601	4010	4301	0	9679	8644	8531	0	33922
10:20:00	37200	12404	12757	3	43245	4165	4110	3	9731	8239	8647	0	33514
10:25:00	37500	11888	12329	0	42804	3711	3952	0	9490	8177	8377	0	33314
10:30:00	37800	12391	12834	0	42361	3954	4256	0	9188	8437	8578	0	33173
10:35:00	38100	11995	12659	1	41696	3872	4210	1	8849	8123	8449	0	32847
10:40:00	38400	11439	12028	3	41104	3736	3744	3	8838	7703	8284	0	32266
10:45:00	38700	11675	12159	1	40619	3628	3988	1	8477	8047	8171	0	32142
10:50:00	39000	11566	11788	0	40397	3549	4002	0	8024	8017	7786	0	32373
10:55:00	39300	10976	11042	2	40329	3476	3385	2	8113	7500	7657	0	32216
11:00:00	39600	11439	11670	2	40096	3646	3800	2	7957	7793	7870	0	32139
11:05:00	39900	11146	11241	1	40000	3601	3421	1	8136	7545	7820	0	31864
11:10:00	40200	11043	11095	5	39943	3352	3652	5	7831	7691	7443	0	32112
11:15:00	40500	11099	11162	3	39877	3721	3444	3	8105	7378	7718	0	31772
11:20:00	40800	11011	11030	1	39857	3271	3733	1	7642	7740	7297	0	32215
11:25:00	41100	10947	10925	4	39875	3553	3282	4	7909	7394	7643	0	31966
11:30:00	41400	11405	11591	2	39687	3471	3869	2	7509	7934	7722	0	32178
11:35:00	41700	11053	10920	3	39817	3547	3396	3	7657	7506	7524	0	32160
11:40:00	42000	10846	11210	3	39450	3388	3461	3	7581	7458	7749	0	31869
11:45:00	42300	11364	11064	4	39746	3495	3683	4	7389	7869	7381	0	32357
11:50:00	42600	11172	11011	1	39906	3453	3481	1	7360	7719	7530	0	32546
11:55:00	42900	11340	10941	3	40302	3561	3400	3	7518	7779	7541	0	32784
12:00:00	43200	11619	11358	2	40561	3610	3619	2	7507	8009	7739	0	33054
12:05:00	43500	11225	11046	3	40737	3584	3373	3	7715	7641	7673	0	33022
12:10:00	43800	11427	11028	4	41132	3597	3420	4	7888	7830	7608	0	33244
12:15:00	44100	12006	11673	3	41462	3787	3772	3	7900	8219	7901	0	33562
12:20:00	44400	11752	11413	1	41800	3553	3637	1	7815	8199	7776	0	33985
12:25:00	44700	11444	11471	3	41770	3716	3431	3	8097	7728	8040	0	33673
12:30:00	45000	11525	11257	3	42035	3598	3582	3	8110	7927	7675	0	33925
12:35:00	45300	11921	11947	3	42006	3858	3807	3	8158	8063	8140	0	33848
12:40:00	45600	11537	11499	0	42044	3471	3705	0	7924	8066	7794	0	34120
12:45:00	45900	11874	11832	3	42083	3751	3684	3	7988	8123	8148	0	34095
12:50:00	46200	11722	11483	5	42317	3802	3609	5	8176	7920	7874	0	34141
12:55:00	46500	11993	11806	2	42502	3756	3648	2	8282	8237	8158	0	34220
13:00:00	46800	12040	11758	1	42783	3701	3836	1	8146	8339	7922	0	34637
13:05:00	47100	12078	12084	4	42773	3848	3758	4	8232	8230	8326	0	34541
13:10:00	47400	11846	11726	3	42890	3909	3546	3	8592	7937	8180	0	34298
13:15:00	47700	11790	11698	3	42979	3593	3832	3	8350	8197	7866	0	34629
13:20:00	48000	12341	12294	2	43024	3777	4061	2	8064	8564	8233	0	34960
13:25:00	48300	11635	11695	7	42957	3912	3367	7	8602	7723	8328	0	34355
13:30:00	48600	11973	11799	4	43127	3677	3888	4	8387	8296	7911	0	34740
13:35:00	48900	12185	12142	1	43169	3718	4058	1	8046	8467	8084	0	35123
13:40:00	49200	11664	11887	6	42940	3652	3626	6	8066	8012	8261	0	34874
13:45:00	49500	11535	11393	4	43078	3788	3466	4	8384	7747	7927	0	34694
13:50:00	49800	12231	12199	3	43107	3537	4315	3	7603	8694	7884	0	35504
13:55:00	50100	11635	11624	3	43115	3748	3425	3	7923	7887	8199	0	35192
14:00:00	50400	11686	11448	3	43350	3723	3575	3	8068	7963	7873	0	35282
14:05:00	50700	11961	11630	2	43679	3717	3716	2	8067	8244	7914	0	35612
14:10:00	51000	12172	11903	3	43945	3926	3617	3	8373	8246	8286	0	35572
14:15:00	51300	12535	12201	0	44279	3862	3909	0	8326	8673	8292	0	35953
14:20:00	51600	12617	12289	4	44603	4172	3764	4	8730	8445	8525	0	35873
14:25:00	51900	12278	12100	5	44776	3782	3954	5	8553	8496	8146	0	36223
14:30:00	52200	12999	12829	2	44944	3999	4260	2	8290	9000	8569	0	36654
14:35:00	52500	12418	12227	1	45134	4084	3645	1	8728	8334	8582	0	36406
14:40:00	52800	12440	12180	2	45392	4030	3771	2	8985	8410	8409	0	36407
14:45:00	53100	13082	13014	1	45459	3942	4423	1	8503	9140	8591	0	36956
14:50:00	53400	13082	12938	7	45596	4331	3934	7	8893	8751	9004	0	36703
14:55:00	53700	12643	12082	3	46154	3925	3727	3	9088	8718	8355	0	37066
15:00:00	54000	12946	12485	3	46612	4300	3840	3	9545	8646	8645	0	37067
15:05:00	54300	13640	13168	2	47082	4329	4306	2	9566	9311	8862	0	37516
15:10:00	54600	13155	12791	3	47443	4208	4109	3	9662	8947	8682	0	37781
15:15:00	54900	13786	13377	9	47843	4418	4348	9	9723	9368	9029	0	38120
15:20:00	55200	13375	12887	3	48328	4268	4023	3	9965	9107	8864	0	38363
15:25:00	55500	14149	13811	3	48663	4564	4487	3	10039	9585	9324	0	38624
15:30:00	55800	13743	13394	4	49008	4278	4325	4	9988	9465	9069	0	39020
15:35:00	56100	13862	13450	2	49418	4425	4293	2	10118	9437	9157	0	39300
15:40:00	56400	14110	13636	1	49891	4490	4459	1	10148	9620	9177	0	39743
15:45:00	56700	13923	13505	2	50307	4496	4025	2	10617	9427	9480	0	39690
15:50:00	57000	14547	13757	6	51091	4753	4200	6	11164	9794	9557	0	39927
15:55:00	57300	15713	14882	4	51918	5015	5047	4	11128	10698	9835	0	40790
16:00:00	57600	15321	14620	6	52613	5021	4447	6	11696	10300	10173	0	40917
16:05:00	57900	15139	14106	3	53643	4893	4498	3	12088	10246	9608	0	41555
16:10:00	58200	16443	15565	3	54518	5411	5137	3	12359	11032	10428	0	42159
16:15:00	58500	15795	15105	10	55198	5310	4611	10	13048	10485	10494	0	42150
16:20:00	58800	15759	14769	1	56187	5137	4516	1	13668	10622	10253	0	42519
16:25:00	59100	17587	16609	3	57162	5720	5832	3	13553	11867	10777	0	43609
16:30:00	59400	16877	16059	7	57973	5557	5043	7	14060	11320	11016	0	43913
16:35:00	59700	16981	16115	7	58832	5777	4904	7	14926	11204	11211	0	43906
16:40:00	60000	17771	16829	7	59767	5940	5345	7	15514	11831	11484	0	44253
16:45:00	60300	18837	17715	1	60888	6066	6031	1	15548	12771	11684	0	45340
16:50:00	60600	18678	17706	0	61860	6120	5869	0	15799	12558	11837	0	46061
16:55:00	60900	18026	17102	3	62781	6031	5139	3	16688	11995	11963	0	46093
17:00:00	61200	19935	18510	3	64203	6408	6343	3	16750	13527	12167	0	47453
17:05:00	61500	20029	18951	2	65279	6923	6201	2	17470	13106	12750	0	47809
17:10:00	61800	19204	18478	2	66003	6622	5692	2	18398	12582	12786	0	47605
17:15:00	62100	19578	18559	1	67021	6744	6019	1	19122	12834	12540	0	47899
17:20:00	62400	20286	19727	4	67576	6848	6392	4	19574	13438	13335	0	48002
17:25:00	62700	20582	19884	2	68272	7170	6558	2	20184	13412	13326	0	48088
17:30:00	63000	20837	20475	6	68628	6957	7067	6	20068	13880	13408	0	48560
17:35:00	63300	20272	20535	3	68362	7056	6641	3	20480	13216	13894	0	47882
17:40:00	63600	20937	20768	7	68524	6878	7582	7	19769	14059	13186	0	48755
17:45:00	63900	21348	21701	5	68166	6893	7880	5	18777	14455	13821	0	49389
17:50:00	64200	19257	19790	4	67629	6438	6032	4	19179	12819	13758	0	48450
17:55:00	64500	21156	20261	3	68521	7291	6506	3	19961	13865	13755	0	48560
18:00:00	64800	21399	20638	3	69279	7044	7041	3	19961	14355	13597	0	49318
18:05:00	65100	21555	20885	3	69946	7488	6872	3	20574	14067	14013	0	49372
18:10:00	65400	20650	21045	2	69549	7312	6901	2	20983	13338	14144	0	48566
18:15:00	65700	20811	21547	2	68811	7266	7188	2	21059	13545	14359	0	47752
18:20:00	66000	18341	18696	5	68451	6611	5938	5	21727	11730	12758	0	46724
18:25:00	66300	19167	20143	3	67472	6849	6950	3	21623	12318	13193	0	45849
18:30:00	66600	18490	19860	6	66096	6003	7241	6	20379	12487	12619	0	45717
18:35:00	66900	18626	20444	2	64276	5892	7685	2	18584	12734	12759	0	45692
18:40:00	67200	17118	19210	1	62183	5459	6769	1	17273	11659	12441	0	44910
18:45:00	67500	16876	18881	0	60178	5021	6974	0	15320	11855	11907	0	44858
18:50:00	67800	16433	18363	1	58247	5155	6512	1	13962	11278	11851	0	44285
18:55:00	68100	14924	16922	2	56247	4574	5730	2	12804	10350	11192	0	43443
19:00:00	68400	14628	16009	2	54864	4685	5405	2	12082	9943	10604	0	42782
19:05:00	68700	13825	15180	3	53506	4559	4965	3	11673	9266	10215	0	41833
19:10:00	69000	13076	14369	1	52212	4384	4650	1	11406	8692	9719	0	40806
19:15:00	69300	12898	14309	0	50801	4223	4724	0	10905	8675	9585	0	39896
19:20:00	69600	12811	14037	0	49575	4059	4792	0	10172	8752	9245	0	39403
19:25:00	69900	12167	13698	0	48044	3871	4635	0	9408	8296	9063	0	38636
19:30:00	70200	11350	12913	0	46481	3645	4224	0	8829	7705	8689	0	37652
19:35:00	70500	11196	12375	4	45298	3717	3979	4	8563	7479	8396	0	36735
19:40:00	70800	10947	12292	1	43952	3550	4064	1	8048	7397	8228	0	35904
19:45:00	71100	10245	11121	0	43076	3384	3556	0	7876	6861	7565	0	35200
19:50:00	71400	10280	11311	4	42041	3348	3527	4	7693	6932	7784	0	34348
19:55:00	71700	10437	11013	1	41464	3266	3720	1	7238	7171	7293	0	34226
20:00:00	72000	9678	10405	3	40734	3250	3180	3	7305	6428	7225	0	33429
20:05:00	72300	9700	10599	2	39833	3160	3435	2	7028	6540	7164	0	32805
20:10:00	72600	9272	9949	1	39155	3201	3176	1	7052	6071	6773	0	32103
20:15:00	72900	9356	10268	2	38241	3056	3395	2	6711	6300	6873	0	31530
20:20:00	73200	8567	9458	1	37349	2844	3057	1	6497	5723	6401	0	30852
20:25:00	73500	8623	9408	1	36563	2971	3066	1	6401	5652	6342	0	30162
20:30:00	73800	8060	9127	2	35494	2636	2929	2	6106	5424	6198	0	29388
20:35:00	74100	8131	9149	1	34475	2600	3028	1	5677	5531	6121	0	28798
20:40:00	74400	7615	8379	1	33710	2444	2815	1	5305	5171	5564	0	28405
20:45:00	74700	7649	8282	1	33076	2456	2645	1	5115	5193	5637	0	27961
20:50:00	75000	7660	8305	2	32429	2609	2646	2	5076	5051	5659	0	27353
20:55:00	75300	7420	7933	1	31915	2424	2591	1	4908	4996	5342	0	27007
21:00:00	75600	7296	7882	1	31328	2496	2429	1	4974	4800	5453	0	26354
21:05:00	75900	7084	7690	0	30722	2340	2487	0	4827	4744	5203	0	25895
21:10:00	76200	7081	7625	1	30177	2442	2561	1	4707	4639	5064	0	25470
21:15:00	76500	6644	7319	1	29501	2192	2338	1	4560	4452	4981	0	24941
21:20:00	76800	6448	7193	1	28755	2107	2440	1	4226	4341	4753	0	24529
21:25:00	77100	6209	6934	1	28029	2093	2197	1	4121	4116	4737	0	23908
21:30:00	77400	6033	6786	0	27276	2099	2162	0	4058	3934	4624	0	23218
21:35:00	77700	5913	6473	1	26715	1869	2179	1	3747	4044	4294	0	22968
21:40:00	78000	5784	6310	0	26189	1910	2027	0	3630	3874	4283	0	22559
21:45:00	78300	5432	6168	1	25452	1837	1978	1	3488	3595	4190	0	21964
21:50:00	78600	5660	6139	0	24973	1850	2075	0	3263	3810	4064	0	21710
21:55:00	78900	5331	5885	2	24417	1793	1872	2	3182	3538	4013	0	21235
22:00:00	79200	5029	5540	0	23906	1825	1635	0	3372	3204	3905	0	20534
22:05:00	79500	5337	5829	6	23408	1767	1993	6	3140	3570	3836	0	20268
22:10:00	79800	4848	5472	1	22783	1562	1840	1	2861	3286	3632	0	19922
22:15:00	80100	4359	5014	0	22128	1565	1480	0	2946	2794	3534	0	19182
22:20:00	80400	4506	5091	1	21542	1440	1751	1	2634	3066	3340	0	18908
22:25:00	80700	3984	4829	2	20695	1278	1628	2	2282	2706	3201	0	18413
22:30:00	81000	3545	4261	0	19979	1240	1292	0	2230	2305	2969	0	17749
22:35:00	81300	3438	4141	1	19275	1064	1437	1	1856	2374	2704	0	17419
22:40:00	81600	3202	3922	0	18555	1023	1221	0	1658	2179	2701	0	16897
22:45:00	81900	2941	3560	1	17935	1000	1061	1	1596	1941	2499	0	16339
22:50:00	82200	2911	3524	0	17322	949	1105	0	1440	1962	2419	0	15882
22:55:00	82500	2673	3119	0	16876	821	979	0	1282	1852	2140	0	15594
23:00:00	82800	2558	3014	0	16420	944	835	0	1391	1614	2179	0	15029
23:05:00	83100	2635	3084	0	15971	879	994	0	1276	1756	2090	0	14695
23:10:00	83400	2434	2965	0	15440	797	926	0	1147	1637	2039	0	14293
23:15:00	83700	2181	2667	0	14954	792	766	0	1173	1389	1901	0	13781
23:20:00	84000	2260	2744	0	14470	741	887	0	1027	1519	1857	0	13443
23:25:00	84300	1967	2541	0	13896	660	787	0	900	1307	1754	0	12996
23:30:00	84600	1781	2195	0	13482	603	630	0	873	1178	1565	0	12609
23:35:00	84900	1834	2273	0	13043	616	711	0	778	1218	1562	0	12265
23:40:00	85200	1659	2136	0	12566	523	660	0	641	1136	1476	0	11925
23:45:00	85500	1465	1934	0	12097	495	557	0	579	970	1377	0	11518
23:50:00	85800	1258	1848	0	11507	439	572	0	446	819	1276	0	11061
23:55:00	86100	944	1518	0	10933	284	448	0	282	660	1070	0	10651
24:00:00	86400	827	1335	0	10425	259	366	0	175	568	969	0	10250
24:05:00	86700	764	1265	0	9924	220	341	0	54	544	924	0	9870
24:10:00	87000	616	1043	0	9497	154	275	0	-67	462	768	0	9564
24:15:00	87300	483	847	0	9133	173	147	0	-41	310	700	0	9174
24:20:00	87600	379	675	0	8837	116	122	0	-47	263	553	0	8884
24:25:00	87900	284	603	0	8518	70	77	0	-54	214	526	0	8572
24:30:00	88200	234	505	0	8247	92	28	0	10	142	477	0	8237
24:35:00	88500	186	417	0	8016	61	16	0	55	125	401	0	7961
24:40:00	88800	169	389	0	7796	52	13	0	94	117	376	0	7702
24:45:00	89100	133	339	0	7590	52	3	0	143	81	336	0	7447
24:50:00	89400	142	340	0	7392	46	5	0	184	96	335	0	7208
24:55:00	89700	126	282	0	7236	43	1	0	226	83	281	0	7010
25:00:00	90000	136	268	0	7104	42	7	0	261	94	261	0	6843
25:05:00	90300	105	248	0	6961	32	5	0	288	73	243	0	6673
25:10:00	90600	115	267	0	6809	43	6	0	325	72	261	0	6484
25:15:00	90900	97	214	0	6692	38	2	0	361	59	212	0	6331
25:20:00	91200	83	226	0	6549	22	0	0	383	61	226	0	6166
25:25:00	91500	101	217	0	6433	28	0	0	411	73	217	0	6022
25:30:00	91800	92	198	0	6327	35	0	0	446	57	198	0	5881
25:35:00	92100	96	207	0	6216	28	0	0	474	68	207	0	5742
25:40:00	92400	75	178	0	6113	26	0	0	500	49	178	0	5613
25:45:00	92700	81	175	0	6019	28	0	0	528	53	175	0	5491
25:50:00	93000	80	184	0	5915	21	0	0	549	59	184	0	5366
25:55:00	93300	71	145	0	5841	24	0	0	573	47	145	0	5268
26:00:00	93600	86	177	0	5750	23	0	0	596	63	177	0	5154
26:05:00	93900	84	177	0	5657	33	0	0	629	51	177	0	5028
26:10:00	94200	86	162	0	5581	25	0	0	654	61	162	0	4927
26:15:00	94500	73	153	0	5501	22	0	0	676	51	153	0	4825
26:20:00	94800	83	160	0	5424	24	0	0	700	59	160	0	4724
26:25:00	95100	69	157	0	5336	26	0	0	726	43	157	0	4610
26:30:00	95400	58	136	0	5258	21	0	0	747	37	136	0	4511
26:35:00	95700	60	113	0	5205	29	0	0	776	31	113	0	4429
26:40:00	96000	65	128	0	5142	24	0	0	800	41	128	0	4342
26:45:00	96300	69	140	0	5071	19	0	0	819	50	140	0	4252
26:50:00	96600	69	130	0	5010	23	0	0	842	46	130	0	4168
26:55:00	96900	51	118	1	4942	19	0	1	860	32	118	0	4082
27:00:00	97200	67	128	0	4881	30	0	0	890	37	128	0	3991
27:05:00	97500	46	95	0	4832	16	0	0	906	30	95	0	3926
27:10:00	97800	63	121	0	4774	25	0	0	931	38	121	0	3843
27:15:00	98100	51	109	0	4716	18	0	0	949	33	109	0	3767
27:20:00	98400	45	101	0	4660	14	0	0	963	31	101	0	3697
27:25:00	98700	59	116	0	4603	20	0	0	983	39	116	0	3620
27:30:00	99000	55	101	0	4557	22	0	0	1005	33	101	0	3552
27:35:00	99300	40	90	0	4507	14	0	0	1019	26	90	0	3488
27:40:00	99600	49	99	0	4457	13	0	0	1032	36	99	0	3425
27:45:00	99900	49	94	0	4412	20	0	0	1052	29	94	0	3360
27:50:00	100200	58	120	0	4350	21	0	0	1073	37	120	0	3277
27:55:00	100500	46	106	0	4290	16	0	0	1089	30	106	0	3201
28:00:00	100800	46	87	0	4249	19	0	0	1108	27	87	0	3141
28:05:00	101100	46	90	0	4205	12	0	0	1120	34	90	0	3085
28:10:00	101400	49	97	0	4157	13	0	0	1133	36	97	0	3024
28:15:00	101700	48	98	0	4107	16	0	0	1149	32	98	0	2958
28:20:00	102000	29	75	0	4061	9	0	0	1158	20	75	0	2903
28:25:00	102300	38	84	0	4015	14	0	0	1172	24	84	0	2843
28:30:00	102600	29	69	0	3975	12	0	0	1184	17	69	0	2791
28:35:00	102900	37	73	0	3939	10	0	0	1194	27	73	0	2745
28:40:00	103200	27	65	0	3901	10	0	0	1204	17	65	0	2697
28:45:00	103500	37	67	0	3871	13	0	0	1217	24	67	0	2654
28:50:00	103800	38	79	0	3830	21	0	0	1238	17	79	0	2592
28:55:00	104100	27	65	0	3792	10	0	0	1248	17	65	0	2544
29:00:00	104400	33	73	0	3752	11	0	0	1259	22	73	0	2493
29:05:00	104700	23	58	0	3717	12	0	0	1271	11	58	0	2446
29:10:00	105000	22	70	0	3669	8	0	0	1279	14	70	0	2390
29:15:00	105300	32	64	0	3637	5	0	0	1284	27	64	0	2353
29:20:00	105600	26	60	0	3603	7	0	0	1291	19	60	0	2312
29:25:00	105900	23	66	0	3560	8	0	0	1299	15	66	0	2261
29:30:00	106200	30	49	0	3541	4	0	0	1303	26	49	0	2238
29:35:00	106500	33	73	0	3501	12	0	0	1315	21	73	0	2186
29:40:00	106800	19	56	0	3464	7	0	0	1322	12	56	0	2142
29:45:00	107100	24	56	0	3432	4	0	0	1326	20	56	0	2106
29:50:00	107400	23	51	0	3404	8	0	0	1334	15	51	0	2070
29:55:00	107700	18	45	0	3377	4	0	0	1338	14	45	0	2039
30:00:00	108000	0	0	3831	-454	0	0	1792	-454	0	0	2039	0
30:05:00	108300	0	0	0	-454	0	0	0	-454	0	0	0	0
