time	time	departures_all	arrivals_all	stuck_all	en-route_all	departures_pt	arrivals_pt	stuck_pt	en-route_pt	departures_transit_walk	arrivals_transit_walk	stuck_transit_walk	en-route_transit_walk
00:00:00	0	68	3	0	65	0	0	0	0	68	3	0	65
00:05:00	300	9	2	0	72	0	0	0	0	9	2	0	72
00:10:00	600	9	7	0	74	1	0	0	1	8	7	0	73
00:15:00	900	6	3	0	77	0	1	0	0	6	2	0	77
00:20:00	1200	4	5	0	76	1	0	0	1	3	5	0	75
00:25:00	1500	5	6	0	75	1	0	0	2	4	6	0	73
00:30:00	1800	2	3	0	74	0	0	0	2	2	3	0	72
00:35:00	2100	2	4	0	72	0	1	0	1	2	3	0	71
00:40:00	2400	0	3	0	69	0	0	0	1	0	3	0	68
00:45:00	2700	1	2	0	68	0	0	0	1	1	2	0	67
00:50:00	3000	1	2	0	67	0	0	0	1	1	2	0	66
00:55:00	3300	1	3	0	65	0	0	0	1	1	3	0	64
01:00:00	3600	0	4	0	61	0	0	0	1	0	4	0	60
01:05:00	3900	0	1	0	60	0	0	0	1	0	1	0	59
01:10:00	4200	1	5	0	56	0	0	0	1	1	5	0	55
01:15:00	4500	0	2	0	54	0	0	0	1	0	2	0	53
01:20:00	4800	0	3	0	51	0	0	0	1	0	3	0	50
01:25:00	5100	2	6	0	47	0	0	0	1	2	6	0	46
01:30:00	5400	2	2	0	47	0	0	0	1	2	2	0	46
01:35:00	5700	0	2	0	45	0	0	0	1	0	2	0	44
01:40:00	6000	0	4	0	41	0	0	0	1	0	4	0	40
01:45:00	6300	0	0	0	41	0	0	0	1	0	0	0	40
01:50:00	6600	0	2	0	39	0	0	0	1	0	2	0	38
01:55:00	6900	0	0	0	39	0	0	0	1	0	0	0	38
02:00:00	7200	0	0	0	39	0	0	0	1	0	0	0	38
02:05:00	7500	0	1	0	38	0	0	0	1	0	1	0	37
02:10:00	7800	0	2	0	36	0	0	0	1	0	2	0	35
02:15:00	8100	0	1	0	35	0	0	0	1	0	1	0	34
02:20:00	8400	0	0	0	35	0	0	0	1	0	0	0	34
02:25:00	8700	0	0	0	35	0	0	0	1	0	0	0	34
02:30:00	9000	0	0	0	35	0	0	0	1	0	0	0	34
02:35:00	9300	0	0	0	35	0	0	0	1	0	0	0	34
02:40:00	9600	0	1	0	34	0	0	0	1	0	1	0	33
02:45:00	9900	0	0	0	34	0	0	0	1	0	0	0	33
02:50:00	10200	0	1	0	33	0	0	0	1	0	1	0	32
02:55:00	10500	0	0	0	33	0	0	0	1	0	0	0	32
03:00:00	10800	0	0	0	33	0	0	0	1	0	0	0	32
03:05:00	11100	0	2	0	31	0	0	0	1	0	2	0	30
03:10:00	11400	0	0	0	31	0	0	0	1	0	0	0	30
03:15:00	11700	0	1	0	30	0	0	0	1	0	1	0	29
03:20:00	12000	0	1	0	29	0	0	0	1	0	1	0	28
03:25:00	12300	0	0	0	29	0	0	0	1	0	0	0	28
03:30:00	12600	0	1	0	28	0	0	0	1	0	1	0	27
03:35:00	12900	0	1	0	27	0	0	0	1	0	1	0	26
03:40:00	13200	0	1	0	26	0	0	0	1	0	1	0	25
03:45:00	13500	0	2	0	24	0	0	0	1	0	2	0	23
03:50:00	13800	0	0	0	24	0	0	0	1	0	0	0	23
03:55:00	14100	0	0	0	24	0	0	0	1	0	0	0	23
04:00:00	14400	1	3	0	22	0	0	0	1	1	3	0	21
04:05:00	14700	0	2	0	20	0	0	0	1	0	2	0	19
04:10:00	15000	0	0	0	20	0	0	0	1	0	0	0	19
04:15:00	15300	0	2	0	18	0	0	0	1	0	2	0	17
04:20:00	15600	0	0	0	18	0	0	0	1	0	0	0	17
04:25:00	15900	0	1	0	17	0	0	0	1	0	1	0	16
04:30:00	16200	0	0	0	17	0	0	0	1	0	0	0	16
04:35:00	16500	0	0	0	17	0	0	0	1	0	0	0	16
04:40:00	16800	0	1	0	16	0	0	0	1	0	1	0	15
04:45:00	17100	1	1	0	16	0	0	0	1	1	1	0	15
04:50:00	17400	3	2	0	17	0	0	0	1	3	2	0	16
04:55:00	17700	3	0	0	20	0	0	0	1	3	0	0	19
05:00:00	18000	5	1	0	24	1	0	0	2	4	1	0	22
05:05:00	18300	10	0	0	34	0	0	0	2	10	0	0	32
05:10:00	18600	20	1	0	53	0	0	0	2	20	1	0	51
05:15:00	18900	40	2	0	91	1	0	0	3	39	2	0	88
05:20:00	19200	68	10	0	149	9	0	0	12	59	10	0	137
05:25:00	19500	102	28	0	223	27	1	0	38	75	27	0	185
05:30:00	19800	135	45	0	313	40	1	0	77	95	44	0	236
05:35:00	20100	126	40	0	399	37	0	0	114	89	40	0	285
05:40:00	20400	154	63	0	490	54	4	0	164	100	59	0	326
05:45:00	20700	163	65	0	588	39	15	0	188	124	50	0	400
05:50:00	21000	237	119	0	706	66	35	0	219	171	84	0	487
05:55:00	21300	281	202	0	785	96	74	0	241	185	128	0	544
06:00:00	21600	315	204	0	896	101	64	0	278	214	140	0	618
06:05:00	21900	370	246	0	1020	99	83	0	294	271	163	0	726
06:10:00	22200	412	309	0	1123	128	127	0	295	284	182	0	828
06:15:00	22500	519	401	0	1241	192	132	0	355	327	269	0	886
06:20:00	22800	560	447	0	1354	151	176	0	330	409	271	0	1024
06:25:00	23100	548	431	0	1471	177	152	0	355	371	279	0	1116
06:30:00	23400	615	492	0	1594	168	182	0	341	447	310	0	1253
06:35:00	23700	662	532	0	1724	216	173	0	384	446	359	0	1340
06:40:00	24000	655	516	0	1863	201	163	0	422	454	353	0	1441
06:45:00	24300	710	555	0	2018	228	183	0	467	482	372	0	1551
06:50:00	24600	858	664	0	2212	277	212	0	532	581	452	0	1680
06:55:00	24900	899	723	0	2388	285	238	0	579	614	485	0	1809
07:00:00	25200	960	774	0	2574	320	253	0	646	640	521	0	1928
07:05:00	25500	1047	851	0	2770	342	309	0	679	705	542	0	2091
07:10:00	25800	1107	884	0	2993	339	292	0	726	768	592	0	2267
07:15:00	26100	1174	971	0	3196	390	329	0	787	784	642	0	2409
07:20:00	26400	1290	1089	0	3397	422	375	0	834	868	714	0	2563
07:25:00	26700	1306	1110	0	3593	430	368	0	896	876	742	0	2697
07:30:00	27000	1419	1259	0	3753	486	396	0	986	933	863	0	2767
07:35:00	27300	1535	1305	0	3983	479	465	0	1000	1056	840	0	2983
07:40:00	27600	1525	1334	0	4174	521	432	0	1089	1004	902	0	3085
07:45:00	27900	1593	1398	0	4369	531	492	0	1128	1062	906	0	3241
07:50:00	28200	1830	1581	0	4618	573	569	0	1132	1257	1012	0	3486
07:55:00	28500	1699	1555	0	4762	565	511	0	1186	1134	1044	0	3576
08:00:00	28800	1870	1655	0	4977	645	534	0	1297	1225	1121	0	3680
08:05:00	29100	2013	1829	0	5161	693	613	0	1377	1320	1216	0	3784
08:10:00	29400	1963	1767	0	5357	633	619	0	1391	1330	1148	0	3966
08:15:00	29700	1881	1820	0	5418	656	607	0	1440	1225	1213	0	3978
08:20:00	30000	2106	2041	0	5483	713	716	0	1437	1393	1325	0	4046
08:25:00	30300	1951	2008	0	5426	655	699	0	1393	1296	1309	0	4033
08:30:00	30600	1939	1988	0	5377	636	705	0	1324	1303	1283	0	4053
08:35:00	30900	1896	1986	0	5287	598	720	0	1202	1298	1266	0	4085
08:40:00	31200	1706	1802	0	5191	570	596	0	1176	1136	1206	0	4015
08:45:00	31500	1711	1758	0	5144	557	599	0	1134	1154	1159	0	4010
08:50:00	31800	1746	1786	0	5104	592	624	0	1102	1154	1162	0	4002
08:55:00	32100	1639	1658	0	5085	511	545	0	1068	1128	1113	0	4017
09:00:00	32400	1610	1673	0	5022	551	523	0	1096	1059	1150	0	3926
09:05:00	32700	1712	1708	0	5026	566	570	0	1092	1146	1138	0	3934
09:10:00	33000	1602	1672	0	4956	492	562	0	1022	1110	1110	0	3934
09:15:00	33300	1572	1589	0	4939	590	492	0	1120	982	1097	0	3819
09:20:00	33600	1604	1632	0	4911	532	570	0	1082	1072	1062	0	3829
09:25:00	33900	1499	1616	0	4794	476	548	0	1010	1023	1068	0	3784
09:30:00	34200	1523	1613	0	4704	520	533	0	997	1003	1080	0	3707
09:35:00	34500	1436	1561	0	4579	455	533	0	919	981	1028	0	3660
09:40:00	34800	1353	1448	0	4484	437	491	0	865	916	957	0	3619
09:45:00	35100	1290	1373	0	4401	418	449	0	834	872	924	0	3567
09:50:00	35400	1348	1402	0	4347	427	481	0	780	921	921	0	3567
09:55:00	35700	1176	1216	0	4307	400	361	0	819	776	855	0	3488
10:00:00	36000	1178	1219	0	4266	345	417	0	747	833	802	0	3519
10:05:00	36300	1278	1317	0	4227	414	436	0	725	864	881	0	3502
10:10:00	36600	1160	1190	0	4197	361	358	0	728	799	832	0	3469
10:15:00	36900	1214	1197	0	4214	426	347	0	807	788	850	0	3407
10:20:00	37200	1287	1284	0	4217	402	440	0	769	885	844	0	3448
10:25:00	37500	1233	1244	0	4206	379	418	0	730	854	826	0	3476
10:30:00	37800	1149	1185	0	4170	375	371	0	734	774	814	0	3436
10:35:00	38100	1152	1207	0	4115	364	418	0	680	788	789	0	3435
10:40:00	38400	1140	1200	0	4055	369	347	0	702	771	853	0	3353
10:45:00	38700	1092	1126	0	4021	347	368	0	681	745	758	0	3340
10:50:00	39000	1055	1104	0	3972	323	359	0	645	732	745	0	3327
10:55:00	39300	1071	1062	0	3981	320	326	0	639	751	736	0	3342
11:00:00	39600	1014	1015	0	3980	309	311	0	637	705	704	0	3343
11:05:00	39900	1108	1127	0	3961	354	357	0	634	754	770	0	3327
11:10:00	40200	1056	1073	0	3944	339	329	0	644	717	744	0	3300
11:15:00	40500	1068	1049	0	3963	324	315	0	653	744	734	0	3310
11:20:00	40800	1099	1123	0	3939	375	345	0	683	724	778	0	3256
11:25:00	41100	1054	1037	0	3956	288	340	0	631	766	697	0	3325
11:30:00	41400	1047	1040	0	3963	328	316	0	643	719	724	0	3320
11:35:00	41700	1097	1063	0	3997	315	345	0	613	782	718	0	3384
11:40:00	42000	967	979	0	3985	315	278	0	650	652	701	0	3335
11:45:00	42300	1030	971	0	4044	297	314	0	633	733	657	0	3411
11:50:00	42600	1103	1059	0	4088	349	334	0	648	754	725	0	3440
11:55:00	42900	1009	1002	0	4095	295	298	0	645	714	704	0	3450
12:00:00	43200	1054	1066	0	4083	319	325	0	639	735	741	0	3444
12:05:00	43500	1184	1137	0	4130	350	380	0	609	834	757	0	3521
12:10:00	43800	1120	1037	0	4213	344	303	0	650	776	734	0	3563
12:15:00	44100	1121	1067	0	4267	361	308	0	703	760	759	0	3564
12:20:00	44400	1184	1137	0	4314	355	392	0	666	829	745	0	3648
12:25:00	44700	1084	1108	0	4290	338	335	0	669	746	773	0	3621
12:30:00	45000	1169	1162	0	4297	358	350	0	677	811	812	0	3620
12:35:00	45300	1142	1105	0	4334	385	323	0	739	757	782	0	3595
12:40:00	45600	1094	1066	0	4362	321	340	0	720	773	726	0	3642
12:45:00	45900	1175	1192	0	4345	364	352	0	732	811	840	0	3613
12:50:00	46200	1162	1142	0	4365	365	377	0	720	797	765	0	3645
12:55:00	46500	1101	1124	0	4342	321	353	0	688	780	771	0	3654
13:00:00	46800	1093	1084	0	4351	352	327	0	713	741	757	0	3638
13:05:00	47100	1195	1165	0	4381	366	350	0	729	829	815	0	3652
13:10:00	47400	1149	1147	0	4383	330	361	0	698	819	786	0	3685
13:15:00	47700	1156	1173	0	4366	381	353	0	726	775	820	0	3640
13:20:00	48000	1171	1183	0	4354	359	389	0	696	812	794	0	3658
13:25:00	48300	1117	1098	0	4373	328	341	0	683	789	757	0	3690
13:30:00	48600	1094	1094	0	4373	320	346	0	657	774	748	0	3716
13:35:00	48900	1125	1125	0	4373	357	337	0	677	768	788	0	3696
13:40:00	49200	1089	1081	0	4381	328	328	0	677	761	753	0	3704
13:45:00	49500	1103	1120	0	4364	343	342	0	678	760	778	0	3686
13:50:00	49800	1152	1154	0	4362	335	372	0	641	817	782	0	3721
13:55:00	50100	1070	1063	0	4369	319	333	0	627	751	730	0	3742
14:00:00	50400	1038	1017	0	4390	330	277	0	680	708	740	0	3710
14:05:00	50700	1137	1109	0	4418	350	359	0	671	787	750	0	3747
14:10:00	51000	1092	1079	0	4431	325	339	0	657	767	740	0	3774
14:15:00	51300	1101	1096	0	4436	349	333	0	673	752	763	0	3763
14:20:00	51600	1184	1151	0	4469	371	363	0	681	813	788	0	3788
14:25:00	51900	1137	1118	0	4488	356	344	0	693	781	774	0	3795
14:30:00	52200	1156	1130	0	4514	339	354	0	678	817	776	0	3836
14:35:00	52500	1153	1102	0	4565	340	340	0	678	813	762	0	3887
14:40:00	52800	1116	1093	0	4588	339	324	0	693	777	769	0	3895
14:45:00	53100	1205	1205	0	4588	381	353	0	721	824	852	0	3867
14:50:00	53400	1280	1202	0	4666	395	385	0	731	885	817	0	3935
14:55:00	53700	1244	1179	0	4731	380	364	0	747	864	815	0	3984
15:00:00	54000	1268	1225	0	4774	412	333	0	826	856	892	0	3948
15:05:00	54300	1268	1231	0	4811	381	408	0	799	887	823	0	4012
15:10:00	54600	1213	1177	0	4847	354	381	0	772	859	796	0	4075
15:15:00	54900	1348	1280	0	4915	428	379	0	821	920	901	0	4094
15:20:00	55200	1416	1339	0	4992	427	459	0	789	989	880	0	4203
15:25:00	55500	1301	1267	0	5026	438	369	0	858	863	898	0	4168
15:30:00	55800	1287	1267	0	5046	389	399	0	848	898	868	0	4198
15:35:00	56100	1370	1340	0	5076	441	447	0	842	929	893	0	4234
15:40:00	56400	1299	1335	0	5040	372	422	0	792	927	913	0	4248
15:45:00	56700	1370	1321	0	5089	433	395	0	830	937	926	0	4259
15:50:00	57000	1481	1416	0	5154	463	435	0	858	1018	981	0	4296
15:55:00	57300	1460	1413	0	5201	483	428	0	913	977	985	0	4288
16:00:00	57600	1546	1435	0	5312	511	432	0	992	1035	1003	0	4320
16:05:00	57900	1571	1525	0	5358	490	500	0	982	1081	1025	0	4376
16:10:00	58200	1489	1412	0	5435	431	490	0	923	1058	922	0	4512
16:15:00	58500	1630	1472	0	5593	539	422	0	1040	1091	1050	0	4553
16:20:00	58800	1761	1670	0	5684	560	562	0	1038	1201	1108	0	4646
16:25:00	59100	1692	1652	0	5724	536	558	0	1016	1156	1094	0	4708
16:30:00	59400	1621	1620	0	5725	550	492	0	1074	1071	1128	0	4651
16:35:00	59700	1706	1615	0	5816	545	540	0	1079	1161	1075	0	4737
16:40:00	60000	1649	1572	0	5893	517	493	0	1103	1132	1079	0	4790
16:45:00	60300	1766	1667	0	5992	555	531	0	1127	1211	1136	0	4865
16:50:00	60600	1793	1704	0	6081	571	573	0	1125	1222	1131	0	4956
16:55:00	60900	1785	1701	0	6165	529	550	0	1104	1256	1151	0	5061
17:00:00	61200	1804	1657	0	6312	594	525	0	1173	1210	1132	0	5139
17:05:00	61500	1930	1892	0	6350	624	632	0	1165	1306	1260	0	5185
17:10:00	61800	1870	1796	0	6424	614	563	0	1216	1256	1233	0	5208
17:15:00	62100	1829	1785	0	6468	617	552	0	1281	1212	1233	0	5187
17:20:00	62400	1978	1998	0	6448	644	655	0	1270	1334	1343	0	5178
17:25:00	62700	2080	1999	0	6529	699	636	0	1333	1381	1363	0	5196
17:30:00	63000	1950	1931	0	6548	670	610	0	1393	1280	1321	0	5155
17:35:00	63300	2039	2033	0	6554	687	699	0	1381	1352	1334	0	5173
17:40:00	63600	1838	1889	0	6503	575	662	0	1294	1263	1227	0	5209
17:45:00	63900	1892	1942	0	6453	638	614	0	1318	1254	1328	0	5135
17:50:00	64200	1981	1959	0	6475	656	648	0	1326	1325	1311	0	5149
17:55:00	64500	2036	1958	0	6553	614	668	0	1272	1422	1290	0	5281
18:00:00	64800	2028	1976	0	6605	720	586	0	1406	1308	1390	0	5199
18:05:00	65100	2162	2088	0	6679	745	716	0	1435	1417	1372	0	5244
18:10:00	65400	1956	2006	0	6629	685	680	0	1440	1271	1326	0	5189
18:15:00	65700	1958	1991	0	6596	695	615	0	1520	1263	1376	0	5076
18:20:00	66000	2110	2178	0	6528	695	811	0	1404	1415	1367	0	5124
18:25:00	66300	1763	1958	0	6333	550	673	0	1281	1213	1285	0	5052
18:30:00	66600	1766	1881	0	6218	614	584	0	1311	1152	1297	0	4907
18:35:00	66900	1748	1899	0	6067	544	675	0	1180	1204	1224	0	4887
18:40:00	67200	1497	1691	0	5873	474	551	0	1103	1023	1140	0	4770
18:45:00	67500	1419	1568	0	5724	491	476	0	1118	928	1092	0	4606
18:50:00	67800	1509	1616	0	5617	456	550	0	1024	1053	1066	0	4593
18:55:00	68100	1343	1485	0	5475	410	486	0	948	933	999	0	4527
19:00:00	68400	1239	1296	0	5418	386	392	0	942	853	904	0	4476
19:05:00	68700	1263	1375	0	5306	427	442	0	927	836	933	0	4379
19:10:00	69000	1188	1328	0	5166	339	451	0	815	849	877	0	4351
19:15:00	69300	1143	1239	0	5070	405	360	0	860	738	879	0	4210
19:20:00	69600	1154	1249	0	4975	359	416	0	803	795	833	0	4172
19:25:00	69900	1039	1161	0	4853	338	342	0	799	701	819	0	4054
19:30:00	70200	1016	1125	0	4744	344	332	0	811	672	793	0	3933
19:35:00	70500	1013	1128	0	4629	312	370	0	753	701	758	0	3876
19:40:00	70800	1037	1129	0	4537	315	372	0	696	722	757	0	3841
19:45:00	71100	988	1049	0	4476	344	282	0	758	644	767	0	3718
19:50:00	71400	1031	1083	0	4424	346	349	0	755	685	734	0	3669
19:55:00	71700	970	1027	0	4367	299	338	0	716	671	689	0	3651
20:00:00	72000	962	1023	0	4306	313	312	0	717	649	711	0	3589
20:05:00	72300	930	1001	0	4235	309	309	0	717	621	692	0	3518
20:10:00	72600	933	990	0	4178	292	341	0	668	641	649	0	3510
20:15:00	72900	878	958	0	4098	319	291	0	696	559	667	0	3402
20:20:00	73200	861	947	0	4012	280	302	0	674	581	645	0	3338
20:25:00	73500	830	904	0	3938	250	326	0	598	580	578	0	3340
20:30:00	73800	749	836	0	3851	251	255	0	594	498	581	0	3257
20:35:00	74100	784	829	0	3806	262	264	0	592	522	565	0	3214
20:40:00	74400	730	806	0	3730	229	265	0	556	501	541	0	3174
20:45:00	74700	730	824	0	3636	237	253	0	540	493	571	0	3096
20:50:00	75000	722	800	0	3558	253	227	0	566	469	573	0	2992
20:55:00	75300	750	772	0	3536	219	269	0	516	531	503	0	3020
21:00:00	75600	696	761	0	3471	247	221	0	542	449	540	0	2929
21:05:00	75900	734	792	0	3413	258	232	0	568	476	560	0	2845
21:10:00	76200	674	744	0	3343	238	247	0	559	436	497	0	2784
21:15:00	76500	600	649	0	3294	190	210	0	539	410	439	0	2755
21:20:00	76800	638	717	0	3215	194	239	0	494	444	478	0	2721
21:25:00	77100	582	670	0	3127	172	219	0	447	410	451	0	2680
21:30:00	77400	514	609	0	3032	182	173	0	456	332	436	0	2576
21:35:00	77700	542	599	0	2975	158	189	0	425	384	410	0	2550
21:40:00	78000	517	558	0	2934	169	177	0	417	348	381	0	2517
21:45:00	78300	496	569	0	2861	146	180	0	383	350	389	0	2478
21:50:00	78600	493	537	0	2817	162	155	0	390	331	382	0	2427
21:55:00	78900	512	571	0	2758	182	168	0	404	330	403	0	2354
22:00:00	79200	466	521	0	2703	141	156	0	389	325	365	0	2314
22:05:00	79500	456	496	0	2663	176	140	0	425	280	356	0	2238
22:10:00	79800	424	482	0	2605	120	172	0	373	304	310	0	2232
22:15:00	80100	392	464	0	2533	142	131	0	384	250	333	0	2149
22:20:00	80400	422	475	0	2480	134	162	0	356	288	313	0	2124
22:25:00	80700	349	434	0	2395	110	134	0	332	239	300	0	2063
22:30:00	81000	338	394	0	2339	110	119	0	323	228	275	0	2016
22:35:00	81300	316	400	0	2255	97	129	0	291	219	271	0	1964
22:40:00	81600	292	363	0	2184	98	104	0	285	194	259	0	1899
22:45:00	81900	275	346	0	2113	94	99	0	280	181	247	0	1833
22:50:00	82200	265	328	0	2050	78	87	0	271	187	241	0	1779
22:55:00	82500	250	303	0	1997	81	101	0	251	169	202	0	1746
23:00:00	82800	230	292	0	1935	81	83	0	249	149	209	0	1686
23:05:00	83100	238	294	0	1879	78	89	0	238	160	205	0	1641
23:10:00	83400	212	266	0	1825	66	76	0	228	146	190	0	1597
23:15:00	83700	181	229	0	1777	61	63	0	226	120	166	0	1551
23:20:00	84000	226	265	0	1738	70	84	0	212	156	181	0	1526
23:25:00	84300	182	231	0	1689	53	69	0	196	129	162	0	1493
23:30:00	84600	154	203	0	1640	51	51	0	196	103	152	0	1444
23:35:00	84900	193	219	0	1614	61	63	0	194	132	156	0	1420
23:40:00	85200	155	209	0	1560	48	61	0	181	107	148	0	1379
23:45:00	85500	157	208	0	1509	52	56	0	177	105	152	0	1332
23:50:00	85800	121	183	0	1447	36	60	0	153	85	123	0	1294
23:55:00	86100	90	152	0	1385	33	32	0	154	57	120	0	1231
24:00:00	86400	83	135	0	1333	17	40	0	131	66	95	0	1202
24:05:00	86700	68	121	0	1280	23	26	0	128	45	95	0	1152
24:10:00	87000	59	102	0	1237	11	26	0	113	48	76	0	1124
24:15:00	87300	57	84	0	1210	21	15	0	119	36	69	0	1091
24:20:00	87600	42	72	0	1180	13	11	0	121	29	61	0	1059
24:25:00	87900	29	58	0	1151	7	5	0	123	22	53	0	1028
24:30:00	88200	29	57	0	1123	10	7	0	126	19	50	0	997
24:35:00	88500	27	54	0	1096	9	3	0	132	18	51	0	964
24:40:00	88800	25	40	0	1081	6	3	0	135	19	37	0	946
24:45:00	89100	14	27	0	1068	4	2	0	137	10	25	0	931
24:50:00	89400	17	34	0	1051	3	2	0	138	14	32	0	913
24:55:00	89700	23	43	0	1031	6	1	0	143	17	42	0	888
25:00:00	90000	15	39	0	1007	2	3	0	142	13	36	0	865
25:05:00	90300	14	32	0	989	5	1	0	146	9	31	0	843
25:10:00	90600	11	24	0	976	2	0	0	148	9	24	0	828
25:15:00	90900	8	28	0	956	0	0	0	148	8	28	0	808
25:20:00	91200	15	36	0	935	3	0	0	151	12	36	0	784
25:25:00	91500	14	26	0	923	3	0	0	154	11	26	0	769
25:30:00	91800	23	31	0	915	8	1	0	161	15	30	0	754
25:35:00	92100	4	18	0	901	2	1	0	162	2	17	0	739
25:40:00	92400	10	22	0	889	4	0	0	166	6	22	0	723
25:45:00	92700	20	36	0	873	4	0	0	170	16	36	0	703
25:50:00	93000	8	24	0	857	0	0	0	170	8	24	0	687
25:55:00	93300	10	16	0	851	1	0	0	171	9	16	0	680
26:00:00	93600	13	29	0	835	3	0	0	174	10	29	0	661
26:05:00	93900	9	23	0	821	2	0	0	176	7	23	0	645
26:10:00	94200	10	23	0	808	1	0	0	177	9	23	0	631
26:15:00	94500	9	22	0	795	2	0	0	179	7	22	0	616
26:20:00	94800	10	18	0	787	1	0	0	180	9	18	0	607
26:25:00	95100	9	12	0	784	3	0	0	183	6	12	0	601
26:30:00	95400	6	17	0	773	1	0	0	184	5	17	0	589
26:35:00	95700	13	25	0	761	5	0	0	189	8	25	0	572
26:40:00	96000	10	21	0	750	3	0	0	192	7	21	0	558
26:45:00	96300	10	21	0	739	1	0	0	193	9	21	0	546
26:50:00	96600	14	23	0	730	3	0	0	196	11	23	0	534
26:55:00	96900	9	21	0	718	2	0	0	198	7	21	0	520
27:00:00	97200	5	12	0	711	1	0	0	199	4	12	0	512
27:05:00	97500	5	11	0	705	2	0	0	201	3	11	0	504
27:10:00	97800	5	9	0	701	1	0	0	202	4	9	0	499
27:15:00	98100	3	12	0	692	0	0	0	202	3	12	0	490
27:20:00	98400	4	13	0	683	0	0	0	202	4	13	0	481
27:25:00	98700	6	13	0	676	2	0	0	204	4	13	0	472
27:30:00	99000	4	11	0	669	1	0	0	205	3	11	0	464
27:35:00	99300	7	16	0	660	1	0	0	206	6	16	0	454
27:40:00	99600	5	9	0	656	0	0	0	206	5	9	0	450
27:45:00	99900	4	9	0	651	0	0	0	206	4	9	0	445
27:50:00	100200	6	15	0	642	0	0	0	206	6	15	0	436
27:55:00	100500	3	11	0	634	2	0	0	208	1	11	0	426
28:00:00	100800	2	10	0	626	0	0	0	208	2	10	0	418
28:05:00	101100	5	11	0	620	1	0	0	209	4	11	0	411
28:10:00	101400	1	3	0	618	0	0	0	209	1	3	0	409
28:15:00	101700	2	6	0	614	0	0	0	209	2	6	0	405
28:20:00	102000	3	13	0	604	0	0	0	209	3	13	0	395
28:25:00	102300	4	10	0	598	0	0	0	209	4	10	0	389
28:30:00	102600	5	12	0	591	1	0	0	210	4	12	0	381
28:35:00	102900	7	14	0	584	2	0	0	212	5	14	0	372
28:40:00	103200	7	10	0	581	2	0	0	214	5	10	0	367
28:45:00	103500	8	15	0	574	1	0	0	215	7	15	0	359
28:50:00	103800	4	10	0	568	0	0	0	215	4	10	0	353
28:55:00	104100	4	10	0	562	1	0	0	216	3	10	0	346
29:00:00	104400	8	12	0	558	1	0	0	217	7	12	0	341
29:05:00	104700	7	12	0	553	2	0	0	219	5	12	0	334
29:10:00	105000	2	6	0	549	1	0	0	220	1	6	0	329
29:15:00	105300	1	7	0	543	0	0	0	220	1	7	0	323
29:20:00	105600	7	15	0	535	1	0	0	221	6	15	0	314
29:25:00	105900	2	7	0	530	0	0	0	221	2	7	0	309
29:30:00	106200	5	7	0	528	0	0	0	221	5	7	0	307
29:35:00	106500	8	11	0	525	3	0	0	224	5	11	0	301
29:40:00	106800	5	10	0	520	1	0	0	225	4	10	0	295
29:45:00	107100	1	6	0	515	0	0	0	225	1	6	0	290
29:50:00	107400	2	6	0	511	1	0	0	226	1	6	0	285
29:55:00	107700	3	6	0	508	0	0	0	226	3	6	0	282
30:00:00	108000	0	0	508	0	0	0	226	0	0	0	282	0
30:05:00	108300	0	0	0	0	0	0	0	0	0	0	0	0
