# Iteration [ ]	Operators [ ]	Operators IB [ ]	Routes [ ]	Routes IB [ ]	Pax served [ ]	Pax served by IB [ ]	Veh [ ]	Veh of IB [ ]	Avg. budget per operator [$]	Avg. budget per IB operator [$]	Avg. cash flow per route [$]	Avg. cash flow per route of IB [$]	Share of IB operators [%]	Share of IB routes [%]	Share of pax served by IB [%]	Share of veh served by IB [%]	Estimated mean of IB operators [ ]	Estimated SD of IB operators [ ]	Estimated mean of IB routes [ ]	Estimated SD of IB routes [ ]	Estimated mean of pax served by IB [ ]	Estimated SD of pax served by IB [ ]	Estimated mean of IB veh [ ]	Estimated SD of IB veh [ ]	Exact mean of IB operators [ ]	Exact SD of IB operators [ ]	Exact mean of IB routes [ ]	Exact SD of IB routes [ ]	Exact mean of pax served by IB [ ]	Exact SD of pax served by IB [ ]	Exact mean of IB veh [ ]	Exact SD of IB veh [ ]
0	20	0	20	0	0	0	97	0	-1112.0079581075	NaN	-1113.0079581075	NaN	0.0000000000	0.0000000000	NaN	0.0000000000	0.0000000000	NaN	0.0000000000	NaN	0.0000000000	NaN	0.0000000000	NaN	0.0000000000	NaN	0.0000000000	NaN	0.0000000000	NaN	0.0000000000	NaN	
1	20	0	20	0	0	0	46	0	-154.7826250261	NaN	-430.9053457691	NaN	0.0000000000	0.0000000000	NaN	0.0000000000	0.0000000000	0.0000000000	0.0000000000	0.0000000000	0.0000000000	0.0000000000	0.0000000000	0.0000000000	0.0000000000	0.0000000000	0.0000000000	0.0000000000	0.0000000000	0.0000000000	0.0000000000	0.0000000000	
2	20	0	23	0	0	0	37	0	-186.0533166017	NaN	-311.3946371776	NaN	0.0000000000	0.0000000000	NaN	0.0000000000	0.0000000000	0.0000000000	0.0000000000	0.0000000000	0.0000000000	0.0000000000	0.0000000000	0.0000000000	0.0000000000	0.0000000000	0.0000000000	0.0000000000	0.0000000000	0.0000000000	0.0000000000	0.0000000000	
3	20	0	24	0	0	0	57	0	-397.8583768990	NaN	-449.9043173286	NaN	0.0000000000	0.0000000000	NaN	0.0000000000	0.0000000000	0.0000000000	0.0000000000	0.0000000000	0.0000000000	0.0000000000	0.0000000000	0.0000000000	0.0000000000	0.0000000000	0.0000000000	0.0000000000	0.0000000000	0.0000000000	0.0000000000	0.0000000000	
4	20	0	21	0	0	0	42	0	-175.5513822651	NaN	-360.0901672425	NaN	0.0000000000	0.0000000000	NaN	0.0000000000	0.0000000000	0.0000000000	0.0000000000	0.0000000000	0.0000000000	0.0000000000	0.0000000000	0.0000000000	0.0000000000	0.0000000000	0.0000000000	0.0000000000	0.0000000000	0.0000000000	0.0000000000	0.0000000000	
5	20	0	23	0	0	0	45	0	-300.4414516225	NaN	-415.1850597425	NaN	0.0000000000	0.0000000000	NaN	0.0000000000	0.0000000000	0.0000000000	0.0000000000	0.0000000000	0.0000000000	0.0000000000	0.0000000000	0.0000000000	0.0000000000	0.0000000000	0.0000000000	0.0000000000	0.0000000000	0.0000000000	0.0000000000	0.0000000000	
6	20	0	23	0	0	0	52	0	-351.4383001708	NaN	-439.6213106658	NaN	0.0000000000	0.0000000000	NaN	0.0000000000	0.0000000000	0.0000000000	0.0000000000	0.0000000000	0.0000000000	0.0000000000	0.0000000000	0.0000000000	0.0000000000	0.0000000000	0.0000000000	0.0000000000	0.0000000000	0.0000000000	0.0000000000	0.0000000000	
7	20	0	22	0	0	0	41	0	-261.3720046594	NaN	-371.1708138669	NaN	0.0000000000	0.0000000000	NaN	0.0000000000	0.0000000000	0.0000000000	0.0000000000	0.0000000000	0.0000000000	0.0000000000	0.0000000000	0.0000000000	0.0000000000	0.0000000000	0.0000000000	0.0000000000	0.0000000000	0.0000000000	0.0000000000	0.0000000000	
8	20	0	24	0	0	0	53	0	-337.6889986736	NaN	-393.5212448618	NaN	0.0000000000	0.0000000000	NaN	0.0000000000	0.0000000000	0.0000000000	0.0000000000	0.0000000000	0.0000000000	0.0000000000	0.0000000000	0.0000000000	0.0000000000	0.0000000000	0.0000000000	0.0000000000	0.0000000000	0.0000000000	0.0000000000	0.0000000000	
9	20	0	21	0	0	0	45	0	-279.3571851510	NaN	-422.1216691723	NaN	0.0000000000	0.0000000000	NaN	0.0000000000	0.0000000000	0.0000000000	0.0000000000	0.0000000000	0.0000000000	0.0000000000	0.0000000000	0.0000000000	0.0000000000	0.0000000000	0.0000000000	0.0000000000	0.0000000000	0.0000000000	0.0000000000	0.0000000000	
10	20	0	23	0	0	0	52	0	-357.1929096928	NaN	-403.9932423232	NaN	0.0000000000	0.0000000000	NaN	0.0000000000	0.0000000000	0.0000000000	0.0000000000	0.0000000000	0.0000000000	0.0000000000	0.0000000000	0.0000000000	0.0000000000	0.0000000000	0.0000000000	0.0000000000	0.0000000000	0.0000000000	0.0000000000	0.0000000000	
11	20	0	23	0	0	0	36	0	-133.2484019247	NaN	-303.4286312915	NaN	0.0000000000	0.0000000000	NaN	0.0000000000	0.0000000000	0.0000000000	0.0000000000	0.0000000000	0.0000000000	0.0000000000	0.0000000000	0.0000000000	0.0000000000	0.0000000000	0.0000000000	0.0000000000	0.0000000000	0.0000000000	0.0000000000	0.0000000000	
12	20	0	22	0	0	0	48	0	-380.9690583649	NaN	-487.4868192111	NaN	0.0000000000	0.0000000000	NaN	0.0000000000	0.0000000000	0.0000000000	0.0000000000	0.0000000000	0.0000000000	0.0000000000	0.0000000000	0.0000000000	0.0000000000	0.0000000000	0.0000000000	0.0000000000	0.0000000000	0.0000000000	0.0000000000	0.0000000000	
13	20	0	22	0	0	0	37	0	-143.8036753926	NaN	-291.4992923710	NaN	0.0000000000	0.0000000000	NaN	0.0000000000	0.0000000000	0.0000000000	0.0000000000	0.0000000000	0.0000000000	0.0000000000	0.0000000000	0.0000000000	0.0000000000	0.0000000000	0.0000000000	0.0000000000	0.0000000000	0.0000000000	0.0000000000	0.0000000000	
14	20	0	22	0	0	0	38	0	-228.7707664579	NaN	-350.6263955013	NaN	0.0000000000	0.0000000000	NaN	0.0000000000	0.0000000000	0.0000000000	0.0000000000	0.0000000000	0.0000000000	0.0000000000	0.0000000000	0.0000000000	0.0000000000	0.0000000000	0.0000000000	0.0000000000	0.0000000000	0.0000000000	0.0000000000	0.0000000000	
15	20	0	21	0	0	0	55	0	-448.9733334279	NaN	-543.2715530798	NaN	0.0000000000	0.0000000000	NaN	0.0000000000	0.0000000000	0.0000000000	0.0000000000	0.0000000000	0.0000000000	0.0000000000	0.0000000000	0.0000000000	0.0000000000	0.0000000000	0.0000000000	0.0000000000	0.0000000000	0.0000000000	0.0000000000	0.0000000000	
16	20	0	21	0	0	0	61	0	-372.1961372507	NaN	-513.9926423316	NaN	0.0000000000	0.0000000000	NaN	0.0000000000	0.0000000000	0.0000000000	0.0000000000	0.0000000000	0.0000000000	0.0000000000	0.0000000000	0.0000000000	0.0000000000	0.0000000000	0.0000000000	0.0000000000	0.0000000000	0.0000000000	0.0000000000	0.0000000000	
17	20	0	24	0	0	0	51	0	-316.7906331816	NaN	-392.6805302003	NaN	0.0000000000	0.0000000000	NaN	0.0000000000	0.0000000000	0.0000000000	0.0000000000	0.0000000000	0.0000000000	0.0000000000	0.0000000000	0.0000000000	0.0000000000	0.0000000000	0.0000000000	0.0000000000	0.0000000000	0.0000000000	0.0000000000	0.0000000000	
18	20	0	23	0	0	0	34	0	-51.2977898491	NaN	-275.1523774667	NaN	0.0000000000	0.0000000000	NaN	0.0000000000	0.0000000000	0.0000000000	0.0000000000	0.0000000000	0.0000000000	0.0000000000	0.0000000000	0.0000000000	0.0000000000	0.0000000000	0.0000000000	0.0000000000	0.0000000000	0.0000000000	0.0000000000	0.0000000000	
19	20	0	24	0	0	0	47	0	-354.4186227440	NaN	-405.0850368905	NaN	0.0000000000	0.0000000000	NaN	0.0000000000	0.0000000000	0.0000000000	0.0000000000	0.0000000000	0.0000000000	0.0000000000	0.0000000000	0.0000000000	0.0000000000	0.0000000000	0.0000000000	0.0000000000	0.0000000000	0.0000000000	0.0000000000	0.0000000000	
20	20	0	21	0	0	0	44	0	-247.1055924967	NaN	-411.1810299510	NaN	0.0000000000	0.0000000000	NaN	0.0000000000	0.0000000000	0.0000000000	0.0000000000	0.0000000000	0.0000000000	0.0000000000	0.0000000000	0.0000000000	0.0000000000	0.0000000000	0.0000000000	0.0000000000	0.0000000000	0.0000000000	0.0000000000	0.0000000000	
21	20	0	20	0	0	0	48	0	-312.0960580316	NaN	-467.1012736685	NaN	0.0000000000	0.0000000000	NaN	0.0000000000	0.0000000000	0.0000000000	0.0000000000	0.0000000000	0.0000000000	0.0000000000	0.0000000000	0.0000000000	0.0000000000	0.0000000000	0.0000000000	0.0000000000	0.0000000000	0.0000000000	0.0000000000	0.0000000000	
22	20	0	24	0	0	0	46	0	-285.0360672107	NaN	-329.0425329235	NaN	0.0000000000	0.0000000000	NaN	0.0000000000	0.0000000000	0.0000000000	0.0000000000	0.0000000000	0.0000000000	0.0000000000	0.0000000000	0.0000000000	0.0000000000	0.0000000000	0.0000000000	0.0000000000	0.0000000000	0.0000000000	0.0000000000	0.0000000000	
23	20	0	24	0	0	0	51	0	-367.0044470674	NaN	-412.7673025595	NaN	0.0000000000	0.0000000000	NaN	0.0000000000	0.0000000000	0.0000000000	0.0000000000	0.0000000000	0.0000000000	0.0000000000	0.0000000000	0.0000000000	0.0000000000	0.0000000000	0.0000000000	0.0000000000	0.0000000000	0.0000000000	0.0000000000	0.0000000000	
24	20	0	21	0	0	0	42	0	-180.7505967872	NaN	-368.2490965711	NaN	0.0000000000	0.0000000000	NaN	0.0000000000	0.0000000000	0.0000000000	0.0000000000	0.0000000000	0.0000000000	0.0000000000	0.0000000000	0.0000000000	0.0000000000	0.0000000000	0.0000000000	0.0000000000	0.0000000000	0.0000000000	0.0000000000	0.0000000000	
25	20	0	23	0	0	0	53	0	-337.5368641549	NaN	-447.9386624900	NaN	0.0000000000	0.0000000000	NaN	0.0000000000	0.0000000000	0.0000000000	0.0000000000	0.0000000000	0.0000000000	0.0000000000	0.0000000000	0.0000000000	0.0000000000	0.0000000000	0.0000000000	0.0000000000	0.0000000000	0.0000000000	0.0000000000	0.0000000000	
26	20	0	22	0	0	0	44	0	-209.2140503608	NaN	-373.9380822044	NaN	0.0000000000	0.0000000000	NaN	0.0000000000	0.0000000000	0.0000000000	0.0000000000	0.0000000000	0.0000000000	0.0000000000	0.0000000000	0.0000000000	0.0000000000	0.0000000000	0.0000000000	0.0000000000	0.0000000000	0.0000000000	0.0000000000	0.0000000000	
27	20	0	23	0	0	0	60	0	-371.1372646144	NaN	-455.2730205708	NaN	0.0000000000	0.0000000000	NaN	0.0000000000	0.0000000000	0.0000000000	0.0000000000	0.0000000000	0.0000000000	0.0000000000	0.0000000000	0.0000000000	0.0000000000	0.0000000000	0.0000000000	0.0000000000	0.0000000000	0.0000000000	0.0000000000	0.0000000000	
28	20	0	22	0	0	0	43	0	-131.4297355984	NaN	-312.6062134103	NaN	0.0000000000	0.0000000000	NaN	0.0000000000	0.0000000000	0.0000000000	0.0000000000	0.0000000000	0.0000000000	0.0000000000	0.0000000000	0.0000000000	0.0000000000	0.0000000000	0.0000000000	0.0000000000	0.0000000000	0.0000000000	0.0000000000	0.0000000000	
29	20	0	24	0	0	0	45	0	-261.9505013006	NaN	-335.4924393297	NaN	0.0000000000	0.0000000000	NaN	0.0000000000	0.0000000000	0.0000000000	0.0000000000	0.0000000000	0.0000000000	0.0000000000	0.0000000000	0.0000000000	0.0000000000	0.0000000000	0.0000000000	0.0000000000	0.0000000000	0.0000000000	0.0000000000	0.0000000000	
30	20	0	22	0	0	0	36	0	-73.1399176566	NaN	-287.8240211120	NaN	0.0000000000	0.0000000000	NaN	0.0000000000	0.0000000000	0.0000000000	0.0000000000	0.0000000000	0.0000000000	0.0000000000	0.0000000000	0.0000000000	0.0000000000	0.0000000000	0.0000000000	0.0000000000	0.0000000000	0.0000000000	0.0000000000	0.0000000000	
31	20	0	22	0	0	0	40	0	-214.3914708464	NaN	-348.6438682508	NaN	0.0000000000	0.0000000000	NaN	0.0000000000	0.0000000000	0.0000000000	0.0000000000	0.0000000000	0.0000000000	0.0000000000	0.0000000000	0.0000000000	0.0000000000	0.0000000000	0.0000000000	0.0000000000	0.0000000000	0.0000000000	0.0000000000	0.0000000000	
32	20	0	21	0	0	0	47	0	-310.5196810829	NaN	-435.3343735330	NaN	0.0000000000	0.0000000000	NaN	0.0000000000	0.0000000000	0.0000000000	0.0000000000	0.0000000000	0.0000000000	0.0000000000	0.0000000000	0.0000000000	0.0000000000	0.0000000000	0.0000000000	0.0000000000	0.0000000000	0.0000000000	0.0000000000	0.0000000000	
33	20	0	20	0	0	0	39	0	-166.3208962693	NaN	-382.5392443193	NaN	0.0000000000	0.0000000000	NaN	0.0000000000	0.0000000000	0.0000000000	0.0000000000	0.0000000000	0.0000000000	0.0000000000	0.0000000000	0.0000000000	0.0000000000	0.0000000000	0.0000000000	0.0000000000	0.0000000000	0.0000000000	0.0000000000	0.0000000000	
34	20	0	22	0	0	0	46	0	-264.3370309329	NaN	-411.1451059968	NaN	0.0000000000	0.0000000000	NaN	0.0000000000	0.0000000000	0.0000000000	0.0000000000	0.0000000000	0.0000000000	0.0000000000	0.0000000000	0.0000000000	0.0000000000	0.0000000000	0.0000000000	0.0000000000	0.0000000000	0.0000000000	0.0000000000	0.0000000000	
35	20	0	23	0	0	0	55	0	-420.7845386461	NaN	-495.9122336934	NaN	0.0000000000	0.0000000000	NaN	0.0000000000	0.0000000000	0.0000000000	0.0000000000	0.0000000000	0.0000000000	0.0000000000	0.0000000000	0.0000000000	0.0000000000	0.0000000000	0.0000000000	0.0000000000	0.0000000000	0.0000000000	0.0000000000	0.0000000000	
36	20	0	23	0	0	0	53	0	-352.3051183091	NaN	-442.8844578059	NaN	0.0000000000	0.0000000000	NaN	0.0000000000	0.0000000000	0.0000000000	0.0000000000	0.0000000000	0.0000000000	0.0000000000	0.0000000000	0.0000000000	0.0000000000	0.0000000000	0.0000000000	0.0000000000	0.0000000000	0.0000000000	0.0000000000	0.0000000000	
37	20	0	22	0	0	0	45	0	-223.4879519736	NaN	-373.1273222315	NaN	0.0000000000	0.0000000000	NaN	0.0000000000	0.0000000000	0.0000000000	0.0000000000	0.0000000000	0.0000000000	0.0000000000	0.0000000000	0.0000000000	0.0000000000	0.0000000000	0.0000000000	0.0000000000	0.0000000000	0.0000000000	0.0000000000	0.0000000000	
38	20	0	23	0	0	0	38	0	-115.4323479539	NaN	-306.8754029534	NaN	0.0000000000	0.0000000000	NaN	0.0000000000	0.0000000000	0.0000000000	0.0000000000	0.0000000000	0.0000000000	0.0000000000	0.0000000000	0.0000000000	0.0000000000	0.0000000000	0.0000000000	0.0000000000	0.0000000000	0.0000000000	0.0000000000	0.0000000000	
39	20	0	22	0	0	0	43	0	-287.9163794513	NaN	-410.9662245967	NaN	0.0000000000	0.0000000000	NaN	0.0000000000	0.0000000000	0.0000000000	0.0000000000	0.0000000000	0.0000000000	0.0000000000	0.0000000000	0.0000000000	0.0000000000	0.0000000000	0.0000000000	0.0000000000	0.0000000000	0.0000000000	0.0000000000	0.0000000000	
40	20	0	22	0	0	0	49	0	-310.5513474938	NaN	-449.4840175448	NaN	0.0000000000	0.0000000000	NaN	0.0000000000	0.0000000000	0.0000000000	0.0000000000	0.0000000000	0.0000000000	0.0000000000	0.0000000000	0.0000000000	0.0000000000	0.0000000000	0.0000000000	0.0000000000	0.0000000000	0.0000000000	0.0000000000	0.0000000000	
41	20	0	23	0	0	0	39	0	-184.8251965637	NaN	-319.0622883139	NaN	0.0000000000	0.0000000000	NaN	0.0000000000	0.0000000000	0.0000000000	0.0000000000	0.0000000000	0.0000000000	0.0000000000	0.0000000000	0.0000000000	0.0000000000	0.0000000000	0.0000000000	0.0000000000	0.0000000000	0.0000000000	0.0000000000	0.0000000000	
42	20	0	22	0	0	0	52	0	-245.3070458711	NaN	-380.4610968845	NaN	0.0000000000	0.0000000000	NaN	0.0000000000	0.0000000000	0.0000000000	0.0000000000	0.0000000000	0.0000000000	0.0000000000	0.0000000000	0.0000000000	0.0000000000	0.0000000000	0.0000000000	0.0000000000	0.0000000000	0.0000000000	0.0000000000	0.0000000000	
43	20	0	22	0	0	0	54	0	-309.8528662997	NaN	-439.4810021498	NaN	0.0000000000	0.0000000000	NaN	0.0000000000	0.0000000000	0.0000000000	0.0000000000	0.0000000000	0.0000000000	0.0000000000	0.0000000000	0.0000000000	0.0000000000	0.0000000000	0.0000000000	0.0000000000	0.0000000000	0.0000000000	0.0000000000	0.0000000000	
44	20	0	23	0	0	0	38	0	-68.4484056883	NaN	-269.7306940748	NaN	0.0000000000	0.0000000000	NaN	0.0000000000	0.0000000000	0.0000000000	0.0000000000	0.0000000000	0.0000000000	0.0000000000	0.0000000000	0.0000000000	0.0000000000	0.0000000000	0.0000000000	0.0000000000	0.0000000000	0.0000000000	0.0000000000	0.0000000000	
45	20	0	22	0	0	0	30	0	-69.3278901349	NaN	-235.5414431825	NaN	0.0000000000	0.0000000000	NaN	0.0000000000	0.0000000000	0.0000000000	0.0000000000	0.0000000000	0.0000000000	0.0000000000	0.0000000000	0.0000000000	0.0000000000	0.0000000000	0.0000000000	0.0000000000	0.0000000000	0.0000000000	0.0000000000	0.0000000000	
46	20	0	22	0	0	0	52	0	-451.8604787609	NaN	-530.0640485274	NaN	0.0000000000	0.0000000000	NaN	0.0000000000	0.0000000000	0.0000000000	0.0000000000	0.0000000000	0.0000000000	0.0000000000	0.0000000000	0.0000000000	0.0000000000	0.0000000000	0.0000000000	0.0000000000	0.0000000000	0.0000000000	0.0000000000	0.0000000000	
47	20	0	20	0	0	0	41	0	-179.4100484166	NaN	-368.5406450516	NaN	0.0000000000	0.0000000000	NaN	0.0000000000	0.0000000000	0.0000000000	0.0000000000	0.0000000000	0.0000000000	0.0000000000	0.0000000000	0.0000000000	0.0000000000	0.0000000000	0.0000000000	0.0000000000	0.0000000000	0.0000000000	0.0000000000	0.0000000000	
48	20	0	22	0	0	0	48	0	-289.5493535577	NaN	-383.0327882383	NaN	0.0000000000	0.0000000000	NaN	0.0000000000	0.0000000000	0.0000000000	0.0000000000	0.0000000000	0.0000000000	0.0000000000	0.0000000000	0.0000000000	0.0000000000	0.0000000000	0.0000000000	0.0000000000	0.0000000000	0.0000000000	0.0000000000	0.0000000000	
49	20	0	23	0	0	0	50	0	-354.5909259825	NaN	-426.9755846063	NaN	0.0000000000	0.0000000000	NaN	0.0000000000	0.0000000000	0.0000000000	0.0000000000	0.0000000000	0.0000000000	0.0000000000	0.0000000000	0.0000000000	0.0000000000	0.0000000000	0.0000000000	0.0000000000	0.0000000000	0.0000000000	0.0000000000	0.0000000000	
50	20	0	21	0	0	0	38	0	-88.1781443259	NaN	-347.5484936921	NaN	0.0000000000	0.0000000000	NaN	0.0000000000	0.0000000000	0.0000000000	0.0000000000	0.0000000000	0.0000000000	0.0000000000	0.0000000000	0.0000000000	0.0000000000	0.0000000000	0.0000000000	0.0000000000	0.0000000000	0.0000000000	0.0000000000	0.0000000000	
51	20	0	22	0	0	0	30	0	-94.7190992890	NaN	-254.3611538513	NaN	0.0000000000	0.0000000000	NaN	0.0000000000	0.0000000000	0.0000000000	0.0000000000	0.0000000000	0.0000000000	0.0000000000	0.0000000000	0.0000000000	0.0000000000	0.0000000000	0.0000000000	0.0000000000	0.0000000000	0.0000000000	0.0000000000	0.0000000000	
52	20	0	21	0	0	0	42	0	-274.9134196479	NaN	-416.3614922885	NaN	0.0000000000	0.0000000000	NaN	0.0000000000	0.0000000000	0.0000000000	0.0000000000	0.0000000000	0.0000000000	0.0000000000	0.0000000000	0.0000000000	0.0000000000	0.0000000000	0.0000000000	0.0000000000	0.0000000000	0.0000000000	0.0000000000	0.0000000000	
53	20	0	22	0	0	0	62	0	-484.8454283692	NaN	-512.2595045104	NaN	0.0000000000	0.0000000000	NaN	0.0000000000	0.0000000000	0.0000000000	0.0000000000	0.0000000000	0.0000000000	0.0000000000	0.0000000000	0.0000000000	0.0000000000	0.0000000000	0.0000000000	0.0000000000	0.0000000000	0.0000000000	0.0000000000	0.0000000000	
54	20	0	23	0	0	0	43	0	-186.8606182900	NaN	-360.1756976160	NaN	0.0000000000	0.0000000000	NaN	0.0000000000	0.0000000000	0.0000000000	0.0000000000	0.0000000000	0.0000000000	0.0000000000	0.0000000000	0.0000000000	0.0000000000	0.0000000000	0.0000000000	0.0000000000	0.0000000000	0.0000000000	0.0000000000	0.0000000000	
55	20	0	23	0	0	0	41	0	-300.6541805292	NaN	-394.7490366831	NaN	0.0000000000	0.0000000000	NaN	0.0000000000	0.0000000000	0.0000000000	0.0000000000	0.0000000000	0.0000000000	0.0000000000	0.0000000000	0.0000000000	0.0000000000	0.0000000000	0.0000000000	0.0000000000	0.0000000000	0.0000000000	0.0000000000	0.0000000000	
56	20	0	24	0	0	0	50	0	-301.2401841635	NaN	-373.7888081331	NaN	0.0000000000	0.0000000000	NaN	0.0000000000	0.0000000000	0.0000000000	0.0000000000	0.0000000000	0.0000000000	0.0000000000	0.0000000000	0.0000000000	0.0000000000	0.0000000000	0.0000000000	0.0000000000	0.0000000000	0.0000000000	0.0000000000	0.0000000000	
57	20	0	21	0	0	0	44	0	-293.1142524490	NaN	-426.5077991538	NaN	0.0000000000	0.0000000000	NaN	0.0000000000	0.0000000000	0.0000000000	0.0000000000	0.0000000000	0.0000000000	0.0000000000	0.0000000000	0.0000000000	0.0000000000	0.0000000000	0.0000000000	0.0000000000	0.0000000000	0.0000000000	0.0000000000	0.0000000000	
58	20	0	22	0	0	0	43	0	-185.7205122863	NaN	-342.3812249711	NaN	0.0000000000	0.0000000000	NaN	0.0000000000	0.0000000000	0.0000000000	0.0000000000	0.0000000000	0.0000000000	0.0000000000	0.0000000000	0.0000000000	0.0000000000	0.0000000000	0.0000000000	0.0000000000	0.0000000000	0.0000000000	0.0000000000	0.0000000000	
59	20	0	22	0	0	0	42	0	-261.4498701067	NaN	-399.0648484919	NaN	0.0000000000	0.0000000000	NaN	0.0000000000	0.0000000000	0.0000000000	0.0000000000	0.0000000000	0.0000000000	0.0000000000	0.0000000000	0.0000000000	0.0000000000	0.0000000000	0.0000000000	0.0000000000	0.0000000000	0.0000000000	0.0000000000	0.0000000000	
60	20	0	23	0	0	0	50	0	-405.0552611743	NaN	-438.4799111230	NaN	0.0000000000	0.0000000000	NaN	0.0000000000	0.0000000000	0.0000000000	0.0000000000	0.0000000000	0.0000000000	0.0000000000	0.0000000000	0.0000000000	0.0000000000	0.0000000000	0.0000000000	0.0000000000	0.0000000000	0.0000000000	0.0000000000	0.0000000000	
61	20	0	24	0	0	0	62	0	-445.6972808198	NaN	-476.7503758167	NaN	0.0000000000	0.0000000000	NaN	0.0000000000	0.0000000000	0.0000000000	0.0000000000	0.0000000000	0.0000000000	0.0000000000	0.0000000000	0.0000000000	0.0000000000	0.0000000000	0.0000000000	0.0000000000	0.0000000000	0.0000000000	0.0000000000	0.0000000000	
62	20	0	22	0	0	0	48	0	-267.2874856215	NaN	-410.5483861800	NaN	0.0000000000	0.0000000000	NaN	0.0000000000	0.0000000000	0.0000000000	0.0000000000	0.0000000000	0.0000000000	0.0000000000	0.0000000000	0.0000000000	0.0000000000	0.0000000000	0.0000000000	0.0000000000	0.0000000000	0.0000000000	0.0000000000	0.0000000000	
63	20	0	26	0	0	0	43	0	-165.9731829906	NaN	-271.8390667245	NaN	0.0000000000	0.0000000000	NaN	0.0000000000	0.0000000000	0.0000000000	0.0000000000	0.0000000000	0.0000000000	0.0000000000	0.0000000000	0.0000000000	0.0000000000	0.0000000000	0.0000000000	0.0000000000	0.0000000000	0.0000000000	0.0000000000	0.0000000000	
64	20	0	23	0	0	0	40	0	-167.5294661319	NaN	-296.1390520285	NaN	0.0000000000	0.0000000000	NaN	0.0000000000	0.0000000000	0.0000000000	0.0000000000	0.0000000000	0.0000000000	0.0000000000	0.0000000000	0.0000000000	0.0000000000	0.0000000000	0.0000000000	0.0000000000	0.0000000000	0.0000000000	0.0000000000	0.0000000000	
65	20	0	23	0	0	0	49	0	-304.6132235241	NaN	-397.5032818166	NaN	0.0000000000	0.0000000000	NaN	0.0000000000	0.0000000000	0.0000000000	0.0000000000	0.0000000000	0.0000000000	0.0000000000	0.0000000000	0.0000000000	0.0000000000	0.0000000000	0.0000000000	0.0000000000	0.0000000000	0.0000000000	0.0000000000	0.0000000000	
66	20	0	22	0	0	0	38	0	-121.0379862186	NaN	-312.3699493741	NaN	0.0000000000	0.0000000000	NaN	0.0000000000	0.0000000000	0.0000000000	0.0000000000	0.0000000000	0.0000000000	0.0000000000	0.0000000000	0.0000000000	0.0000000000	0.0000000000	0.0000000000	0.0000000000	0.0000000000	0.0000000000	0.0000000000	0.0000000000	
67	20	0	22	0	0	0	44	0	-274.9830415010	NaN	-369.5264217675	NaN	0.0000000000	0.0000000000	NaN	0.0000000000	0.0000000000	0.0000000000	0.0000000000	0.0000000000	0.0000000000	0.0000000000	0.0000000000	0.0000000000	0.0000000000	0.0000000000	0.0000000000	0.0000000000	0.0000000000	0.0000000000	0.0000000000	0.0000000000	
68	20	0	22	0	0	0	45	0	-202.7422980432	NaN	-334.8613183045	NaN	0.0000000000	0.0000000000	NaN	0.0000000000	0.0000000000	0.0000000000	0.0000000000	0.0000000000	0.0000000000	0.0000000000	0.0000000000	0.0000000000	0.0000000000	0.0000000000	0.0000000000	0.0000000000	0.0000000000	0.0000000000	0.0000000000	0.0000000000	
69	20	0	21	0	0	0	44	0	-265.8121854472	NaN	-409.5438135217	NaN	0.0000000000	0.0000000000	NaN	0.0000000000	0.0000000000	0.0000000000	0.0000000000	0.0000000000	0.0000000000	0.0000000000	0.0000000000	0.0000000000	0.0000000000	0.0000000000	0.0000000000	0.0000000000	0.0000000000	0.0000000000	0.0000000000	0.0000000000	
70	20	0	23	0	0	0	44	0	-263.7365304772	NaN	-402.6610360814	NaN	0.0000000000	0.0000000000	NaN	0.0000000000	0.0000000000	0.0000000000	0.0000000000	0.0000000000	0.0000000000	0.0000000000	0.0000000000	0.0000000000	0.0000000000	0.0000000000	0.0000000000	0.0000000000	0.0000000000	0.0000000000	0.0000000000	0.0000000000	
71	20	0	21	0	0	0	41	0	-222.4337482937	NaN	-364.6817945052	NaN	0.0000000000	0.0000000000	NaN	0.0000000000	0.0000000000	0.0000000000	0.0000000000	0.0000000000	0.0000000000	0.0000000000	0.0000000000	0.0000000000	0.0000000000	0.0000000000	0.0000000000	0.0000000000	0.0000000000	0.0000000000	0.0000000000	0.0000000000	
72	20	0	21	0	0	0	52	0	-463.3660417079	NaN	-546.7625253532	NaN	0.0000000000	0.0000000000	NaN	0.0000000000	0.0000000000	0.0000000000	0.0000000000	0.0000000000	0.0000000000	0.0000000000	0.0000000000	0.0000000000	0.0000000000	0.0000000000	0.0000000000	0.0000000000	0.0000000000	0.0000000000	0.0000000000	0.0000000000	
73	20	0	21	0	0	0	51	0	-385.1446048105	NaN	-523.6925736001	NaN	0.0000000000	0.0000000000	NaN	0.0000000000	0.0000000000	0.0000000000	0.0000000000	0.0000000000	0.0000000000	0.0000000000	0.0000000000	0.0000000000	0.0000000000	0.0000000000	0.0000000000	0.0000000000	0.0000000000	0.0000000000	0.0000000000	0.0000000000	
74	20	0	23	0	0	0	36	0	-185.1585879521	NaN	-336.9007053771	NaN	0.0000000000	0.0000000000	NaN	0.0000000000	0.0000000000	0.0000000000	0.0000000000	0.0000000000	0.0000000000	0.0000000000	0.0000000000	0.0000000000	0.0000000000	0.0000000000	0.0000000000	0.0000000000	0.0000000000	0.0000000000	0.0000000000	0.0000000000	
75	20	0	21	0	0	0	40	0	-281.1552327011	NaN	-388.2684350059	NaN	0.0000000000	0.0000000000	NaN	0.0000000000	0.0000000000	0.0000000000	0.0000000000	0.0000000000	0.0000000000	0.0000000000	0.0000000000	0.0000000000	0.0000000000	0.0000000000	0.0000000000	0.0000000000	0.0000000000	0.0000000000	0.0000000000	0.0000000000	
76	20	0	22	0	0	0	61	0	-522.0945551577	NaN	-589.2600179185	NaN	0.0000000000	0.0000000000	NaN	0.0000000000	0.0000000000	0.0000000000	0.0000000000	0.0000000000	0.0000000000	0.0000000000	0.0000000000	0.0000000000	0.0000000000	0.0000000000	0.0000000000	0.0000000000	0.0000000000	0.0000000000	0.0000000000	0.0000000000	
77	20	0	21	0	0	0	40	0	-169.7074129554	NaN	-308.2601823421	NaN	0.0000000000	0.0000000000	NaN	0.0000000000	0.0000000000	0.0000000000	0.0000000000	0.0000000000	0.0000000000	0.0000000000	0.0000000000	0.0000000000	0.0000000000	0.0000000000	0.0000000000	0.0000000000	0.0000000000	0.0000000000	0.0000000000	0.0000000000	
78	20	0	25	0	0	0	46	0	-237.3166190436	NaN	-303.8420697278	NaN	0.0000000000	0.0000000000	NaN	0.0000000000	0.0000000000	0.0000000000	0.0000000000	0.0000000000	0.0000000000	0.0000000000	0.0000000000	0.0000000000	0.0000000000	0.0000000000	0.0000000000	0.0000000000	0.0000000000	0.0000000000	0.0000000000	0.0000000000	
79	20	0	22	0	0	0	38	0	-185.0620333503	NaN	-338.5100255015	NaN	0.0000000000	0.0000000000	NaN	0.0000000000	0.0000000000	0.0000000000	0.0000000000	0.0000000000	0.0000000000	0.0000000000	0.0000000000	0.0000000000	0.0000000000	0.0000000000	0.0000000000	0.0000000000	0.0000000000	0.0000000000	0.0000000000	0.0000000000	
80	20	0	22	0	0	0	49	0	-378.5575102305	NaN	-427.0908786402	NaN	0.0000000000	0.0000000000	NaN	0.0000000000	0.0000000000	0.0000000000	0.0000000000	0.0000000000	0.0000000000	0.0000000000	0.0000000000	0.0000000000	0.0000000000	0.0000000000	0.0000000000	0.0000000000	0.0000000000	0.0000000000	0.0000000000	0.0000000000	
81	20	0	21	0	0	0	46	0	-196.2107098531	NaN	-365.4335666398	NaN	0.0000000000	0.0000000000	NaN	0.0000000000	0.0000000000	0.0000000000	0.0000000000	0.0000000000	0.0000000000	0.0000000000	0.0000000000	0.0000000000	0.0000000000	0.0000000000	0.0000000000	0.0000000000	0.0000000000	0.0000000000	0.0000000000	0.0000000000	
82	20	0	21	0	0	0	53	0	-333.6883652523	NaN	-498.7025674836	NaN	0.0000000000	0.0000000000	NaN	0.0000000000	0.0000000000	0.0000000000	0.0000000000	0.0000000000	0.0000000000	0.0000000000	0.0000000000	0.0000000000	0.0000000000	0.0000000000	0.0000000000	0.0000000000	0.0000000000	0.0000000000	0.0000000000	0.0000000000	
83	20	0	25	0	0	0	41	0	-184.6817869501	NaN	-313.6234590373	NaN	0.0000000000	0.0000000000	NaN	0.0000000000	0.0000000000	0.0000000000	0.0000000000	0.0000000000	0.0000000000	0.0000000000	0.0000000000	0.0000000000	0.0000000000	0.0000000000	0.0000000000	0.0000000000	0.0000000000	0.0000000000	0.0000000000	0.0000000000	
84	20	0	21	0	0	0	41	0	-125.7943946992	NaN	-343.8721600422	NaN	0.0000000000	0.0000000000	NaN	0.0000000000	0.0000000000	0.0000000000	0.0000000000	0.0000000000	0.0000000000	0.0000000000	0.0000000000	0.0000000000	0.0000000000	0.0000000000	0.0000000000	0.0000000000	0.0000000000	0.0000000000	0.0000000000	0.0000000000	
85	20	0	21	0	0	0	40	0	-210.3923214667	NaN	-387.1679570351	NaN	0.0000000000	0.0000000000	NaN	0.0000000000	0.0000000000	0.0000000000	0.0000000000	0.0000000000	0.0000000000	0.0000000000	0.0000000000	0.0000000000	0.0000000000	0.0000000000	0.0000000000	0.0000000000	0.0000000000	0.0000000000	0.0000000000	0.0000000000	
86	20	0	24	0	0	0	46	0	-367.7426053072	NaN	-396.2946913322	NaN	0.0000000000	0.0000000000	NaN	0.0000000000	0.0000000000	0.0000000000	0.0000000000	0.0000000000	0.0000000000	0.0000000000	0.0000000000	0.0000000000	0.0000000000	0.0000000000	0.0000000000	0.0000000000	0.0000000000	0.0000000000	0.0000000000	0.0000000000	
87	20	0	22	0	0	0	50	0	-358.2375236703	NaN	-460.7714606983	NaN	0.0000000000	0.0000000000	NaN	0.0000000000	0.0000000000	0.0000000000	0.0000000000	0.0000000000	0.0000000000	0.0000000000	0.0000000000	0.0000000000	0.0000000000	0.0000000000	0.0000000000	0.0000000000	0.0000000000	0.0000000000	0.0000000000	0.0000000000	
88	20	0	22	0	0	0	48	0	-390.7682736434	NaN	-463.9128343794	NaN	0.0000000000	0.0000000000	NaN	0.0000000000	0.0000000000	0.0000000000	0.0000000000	0.0000000000	0.0000000000	0.0000000000	0.0000000000	0.0000000000	0.0000000000	0.0000000000	0.0000000000	0.0000000000	0.0000000000	0.0000000000	0.0000000000	0.0000000000	
89	20	0	21	0	0	0	60	0	-349.3573889254	NaN	-485.9162075857	NaN	0.0000000000	0.0000000000	NaN	0.0000000000	0.0000000000	0.0000000000	0.0000000000	0.0000000000	0.0000000000	0.0000000000	0.0000000000	0.0000000000	0.0000000000	0.0000000000	0.0000000000	0.0000000000	0.0000000000	0.0000000000	0.0000000000	0.0000000000	
90	20	0	22	0	0	0	40	0	-85.7537312954	NaN	-304.1578648870	NaN	0.0000000000	0.0000000000	NaN	0.0000000000	0.0000000000	0.0000000000	0.0000000000	0.0000000000	0.0000000000	0.0000000000	0.0000000000	0.0000000000	0.0000000000	0.0000000000	0.0000000000	0.0000000000	0.0000000000	0.0000000000	0.0000000000	0.0000000000	
91	20	0	25	0	0	0	36	0	-135.5517005436	NaN	-249.7536783500	NaN	0.0000000000	0.0000000000	NaN	0.0000000000	0.0000000000	0.0000000000	0.0000000000	0.0000000000	0.0000000000	0.0000000000	0.0000000000	0.0000000000	0.0000000000	0.0000000000	0.0000000000	0.0000000000	0.0000000000	0.0000000000	0.0000000000	0.0000000000	
92	20	0	23	0	0	0	42	0	-258.0786384868	NaN	-345.6594055531	NaN	0.0000000000	0.0000000000	NaN	0.0000000000	0.0000000000	0.0000000000	0.0000000000	0.0000000000	0.0000000000	0.0000000000	0.0000000000	0.0000000000	0.0000000000	0.0000000000	0.0000000000	0.0000000000	0.0000000000	0.0000000000	0.0000000000	0.0000000000	
93	20	0	20	0	0	0	43	0	-265.3306831052	NaN	-396.0920939509	NaN	0.0000000000	0.0000000000	NaN	0.0000000000	0.0000000000	0.0000000000	0.0000000000	0.0000000000	0.0000000000	0.0000000000	0.0000000000	0.0000000000	0.0000000000	0.0000000000	0.0000000000	0.0000000000	0.0000000000	0.0000000000	0.0000000000	0.0000000000	
94	20	0	22	0	0	0	59	0	-499.3442973738	NaN	-588.4242890827	NaN	0.0000000000	0.0000000000	NaN	0.0000000000	0.0000000000	0.0000000000	0.0000000000	0.0000000000	0.0000000000	0.0000000000	0.0000000000	0.0000000000	0.0000000000	0.0000000000	0.0000000000	0.0000000000	0.0000000000	0.0000000000	0.0000000000	0.0000000000	
95	20	0	23	0	0	0	41	0	-234.0266102608	NaN	-350.5284778027	NaN	0.0000000000	0.0000000000	NaN	0.0000000000	0.0000000000	0.0000000000	0.0000000000	0.0000000000	0.0000000000	0.0000000000	0.0000000000	0.0000000000	0.0000000000	0.0000000000	0.0000000000	0.0000000000	0.0000000000	0.0000000000	0.0000000000	0.0000000000	
96	20	0	23	0	0	0	52	0	-330.2546480784	NaN	-418.7546633213	NaN	0.0000000000	0.0000000000	NaN	0.0000000000	0.0000000000	0.0000000000	0.0000000000	0.0000000000	0.0000000000	0.0000000000	0.0000000000	0.0000000000	0.0000000000	0.0000000000	0.0000000000	0.0000000000	0.0000000000	0.0000000000	0.0000000000	0.0000000000	
97	20	0	21	0	0	0	48	0	-241.7953501676	NaN	-383.9789919032	NaN	0.0000000000	0.0000000000	NaN	0.0000000000	0.0000000000	0.0000000000	0.0000000000	0.0000000000	0.0000000000	0.0000000000	0.0000000000	0.0000000000	0.0000000000	0.0000000000	0.0000000000	0.0000000000	0.0000000000	0.0000000000	0.0000000000	0.0000000000	
98	20	0	23	0	0	0	45	0	-268.8086354811	NaN	-402.7653466566	NaN	0.0000000000	0.0000000000	NaN	0.0000000000	0.0000000000	0.0000000000	0.0000000000	0.0000000000	0.0000000000	0.0000000000	0.0000000000	0.0000000000	0.0000000000	0.0000000000	0.0000000000	0.0000000000	0.0000000000	0.0000000000	0.0000000000	0.0000000000	
99	20	0	21	0	0	0	47	0	-277.6011628076	NaN	-463.2398204160	NaN	0.0000000000	0.0000000000	NaN	0.0000000000	0.0000000000	0.0000000000	0.0000000000	0.0000000000	0.0000000000	0.0000000000	0.0000000000	0.0000000000	0.0000000000	0.0000000000	0.0000000000	0.0000000000	0.0000000000	0.0000000000	0.0000000000	0.0000000000	
100	20	0	23	0	0	0	41	0	-217.3587223169	NaN	-371.3535903221	NaN	0.0000000000	0.0000000000	NaN	0.0000000000	0.0000000000	0.0000000000	0.0000000000	0.0000000000	0.0000000000	0.0000000000	0.0000000000	0.0000000000	0.0000000000	0.0000000000	0.0000000000	0.0000000000	0.0000000000	0.0000000000	0.0000000000	0.0000000000	
